Win	[200]	90	-135
Loss	[190]	90	-180
Win	[160]	90	-135
Loss	[180]	90	-180
Loss	[230]	42	-180
Win	[220]	90	-138
Loss	[230]	81	-180
Loss	[170]	90	-180
Win	[210]	90	-153
Loss	[190]	90	-180
Loss	[180]	90	-180
Loss	[230]	69	-180
Win	[160]	90	-111
Loss	[240]	75	-180
Loss	250	69	-180
Win	[190]	90	-141
Win	[240]	90	-171
Win	[220]	90	-141
Win	[160]	90	-123
Win	[160]	90	-132
Win	[210]	90	-162
Loss	[230]	63	-180
Win	[220]	90	-171
Win	[200]	90	-132
Win	[240]	90	-138
Win	[240]	90	-171
Win	[170]	90	-117
Win	[150]	90	-114
Win	[160]	90	-117
Win	[170]	90	-117
Win	[170]	90	-126
Win	[240]	90	-171
Win	[160]	90	-111
Win	[190]	90	-147
Win	[210]	90	-147
Win	[160]	90	-117
Loss	[210]	75	-180
Win	[170]	90	-117
Win	[170]	90	-135
Win	[160]	90	-126
Win	[170]	90	-141
Loss	[180]	90	-180
Win	[160]	90	-108
Win	[210]	90	-150
Win	[220]	90	-171
Win	250	90	-159
Win	[170]	90	-132
Win	[190]	90	-159
Win	[170]	90	-135
Win	[160]	90	-129
Win	[200]	90	-141
Win	[130]	90	-114
Win	[170]	90	-132
Win	[140]	90	-105
Win	[150]	90	-129
Win	[190]	90	-150
Win	[170]	90	-114
Win	[140]	90	-105
Win	[200]	90	-132
Dogfall	250	90	-114
Win	[170]	90	-120
Win	[150]	90	-117
Win	[170]	90	-135
Win	[170]	90	-123
Win	[220]	90	-150
Win	[140]	90	-99
Win	[170]	90	-132
Win	[160]	90	-123
Loss	[180]	90	-180
Win	[170]	90	-126
Win	[170]	90	-123
Win	[140]	90	-105
Loss	[170]	90	-180
Win	[140]	90	-108
Loss	[210]	90	-180
Win	[240]	90	-174
Win	[210]	90	-156
Win	[140]	90	-114
Win	[140]	90	-108
Win	[160]	90	-114
Win	[160]	90	-120
Win	[180]	90	-123
Win	[170]	90	-120
Win	[170]	90	-150
Win	[180]	90	-126
Win	[140]	90	-108
Win	[150]	90	-120
Win	[200]	90	-147
Win	[150]	90	-111
Win	[160]	90	-129
Win	[140]	90	-123
Win	[240]	90	-159
Win	[140]	90	-111
Win	[140]	90	-114
Loss	[170]	90	-180
Win	[140]	90	-108
Loss	[200]	90	-180
Win	[170]	90	-132
Loss	[180]	90	-180
Win	[170]	90	-117
Win	[190]	90	-144
Win	[160]	90	-126
Win	[150]	90	-111
Win	[160]	90	-111
Win	[180]	90	-138
Win	[190]	90	-147
Win	[200]	90	-150
Win	[170]	90	-114
Win	[180]	90	-132
Win	[160]	90	-123
Win	[160]	90	-120
Win	[180]	90	-120
Win	[180]	90	-135
Win	[230]	90	-171
Win	[160]	90	-111
Win	[150]	90	-111
Win	[160]	90	-132
Win	[160]	90	-117
Win	[160]	90	-117
Win	[150]	90	-111
Loss	[180]	90	-180
Win	[150]	90	-111
Win	[170]	90	-114
Win	[160]	90	-117
Win	[170]	90	-114
Win	[190]	90	-129
Win	[150]	90	-102
Win	[170]	90	-132
Win	[160]	90	-123
Win	[160]	90	-129
Win	[170]	90	-111
Win	[160]	90	-111
Win	[170]	90	-129
Loss	[190]	90	-180
Win	[150]	90	-111
Win	[150]	90	-120
Win	[170]	90	-132
Win	[150]	90	-105
Win	[150]	90	-105
Win	[160]	90	-105
Loss	[200]	90	-180
Win	[150]	90	-129
Loss	[230]	69	-180
Loss	[150]	90	-180
Dogfall	250	81	-165
Win	[150]	90	-114
Win	[170]	90	-129
Win	[140]	90	-108
Win	[190]	90	-135
Win	[150]	90	-111
Win	[170]	90	-114
Win	[140]	90	-114
Win	[190]	90	-132
Win	[150]	90	-111
Win	[180]	90	-126
Win	[150]	90	-114
Win	[150]	90	-123
Win	[140]	90	-114
Win	[230]	90	-165
Win	[150]	90	-114
Win	[160]	90	-111
Win	[150]	90	-108
Win	[150]	90	-105
Win	[150]	90	-105
Win	[150]	90	-111
Win	[150]	90	-111
Win	[220]	90	-165
Win	[150]	90	-114
Win	[130]	90	-108
Win	[170]	90	-117
Win	[140]	90	-114
Win	[150]	90	-117
Win	[160]	90	-129
Win	[140]	90	-114
Win	[150]	90	-108
Loss	[200]	90	-180
Loss	[220]	57	-180
Win	[160]	90	-123
Win	[150]	90	-117
Win	[150]	90	-117
Win	[140]	90	-108
Win	[140]	90	-108
Win	[150]	90	-117
Win	[150]	90	-111
Win	[160]	90	-129
Win	[170]	90	-123
Win	[180]	90	-126
Win	[190]	90	-150
Win	[160]	90	-123
Win	[150]	90	-123
Win	[150]	90	-105
Win	[150]	90	-117
Win	[170]	90	-120
Win	[150]	90	-114
Win	[160]	90	-117
Win	[170]	90	-132
Win	[170]	90	-156
Win	[160]	90	-108
Win	[140]	90	-123
Win	[150]	90	-111
Win	[140]	90	-108
Win	[180]	90	-126
Win	[140]	90	-93
Win	[130]	90	-108
Win	[180]	90	-120
Win	[150]	90	-99
Win	[150]	90	-108
Win	[160]	90	-117
Win	[130]	90	-114
Win	[150]	90	-111
Win	[150]	90	-105
Win	[170]	90	-135
Win	[160]	90	-120
Win	[160]	90	-117
Win	[150]	90	-114
Win	[160]	90	-120
Win	[160]	90	-105
Win	[160]	90	-123
Win	[170]	90	-120
Loss	[190]	90	-180
Win	[140]	90	-102
Win	[150]	90	-114
Win	[170]	90	-129
Win	[200]	90	-138
Win	[130]	90	-102
Win	[140]	90	-108
Win	[180]	90	-135
Win	[160]	90	-117
Win	[180]	90	-135
Win	[180]	90	-135
Win	[150]	90	-105
Win	[150]	90	-117
Win	[150]	90	-105
Win	[210]	90	-159
Win	[190]	90	-138
Win	[170]	90	-123
Win	[150]	90	-120
Win	[130]	90	-102
Win	[140]	90	-108
Win	[130]	90	-102
Win	[190]	90	-138
Win	[160]	90	-135
Win	[150]	90	-117
Win	[130]	90	-102
Win	[160]	90	-123
Win	[150]	90	-111
Win	[180]	90	-126
Win	[150]	90	-105
Win	[160]	90	-105
Win	[130]	90	-108
Win	[160]	90	-114
Win	[150]	90	-108
Win	[140]	90	-102
Win	[140]	90	-99
Win	[140]	90	-114
Win	[140]	90	-99
Win	[210]	90	-141
Win	250	90	-177
Win	[220]	90	-147
Win	[140]	90	-99
Win	[220]	90	-168
Win	[150]	90	-114
Win	[140]	90	-108
Win	[180]	90	-165
Win	[180]	90	-132
Win	[160]	90	-123
Win	[160]	90	-129
Win	[140]	90	-108
Win	[140]	90	-99
Win	[160]	90	-114
Win	[140]	90	-108
Win	[180]	90	-123
Win	[160]	90	-117
Win	[150]	90	-105
Win	[170]	90	-114
Win	[170]	90	-114
Win	[180]	90	-144
Win	[160]	90	-117
Win	[160]	90	-111
Win	[160]	90	-135
Win	[140]	90	-108
Win	[150]	90	-126
Win	[200]	90	-144
Win	[160]	90	-135
Win	[150]	90	-108
Win	[200]	90	-126
Win	[210]	90	-147
Win	[210]	90	-147
Win	[150]	90	-120
Win	[160]	90	-117
Win	[180]	90	-129
Win	[180]	90	-126
Win	[150]	90	-114
Win	[160]	90	-105
Win	[140]	90	-99
Win	[140]	90	-114
Win	[180]	90	-114
Win	[150]	90	-114
Win	[150]	90	-123
Loss	[200]	90	-180
Win	[170]	90	-132
Win	[170]	90	-123
Win	[160]	90	-117
Win	[140]	90	-93
Win	[180]	90	-126
Win	[190]	90	-132
Win	[150]	90	-117
Win	[180]	90	-117
Win	[150]	90	-114
Win	[130]	90	-108
Win	[160]	90	-129
Win	[170]	90	-123
Win	[160]	90	-120
Win	[170]	90	-120
Win	[140]	90	-108
Win	[150]	90	-114
Win	[170]	90	-132
Win	[150]	90	-114
Win	[180]	90	-132
Win	[210]	90	-159
Win	[160]	90	-120
Win	[150]	90	-108
Win	[160]	90	-123
Win	[160]	90	-120
Win	[180]	90	-141
Win	[160]	90	-123
Win	[160]	90	-117
Win	[150]	90	-114
Win	[150]	90	-114
Win	[200]	90	-141
Win	[160]	90	-126
Win	[170]	90	-120
Win	[180]	90	-135
Win	[140]	90	-111
Win	[150]	90	-108
Win	[150]	90	-114
Win	[140]	90	-108
Win	[160]	90	-129
Win	[160]	90	-108
Win	[160]	90	-117
Win	[170]	90	-117
Win	[140]	90	-105
Win	[130]	90	-96
Win	[150]	90	-108
Win	[140]	90	-114
Win	[140]	90	-120
Win	[150]	90	-111
Win	[130]	90	-102
Win	[170]	90	-117
Loss	[230]	81	-180
Win	[170]	90	-144
Win	[140]	90	-108
Win	[140]	90	-120
Win	[170]	90	-117
Win	[210]	90	-144
Win	[140]	90	-108
Win	[140]	90	-99
Win	[170]	90	-135
Win	[140]	90	-132
Win	[160]	90	-123
Win	[190]	90	-144
Win	[190]	90	-120
Win	[190]	90	-147
Win	[140]	90	-99
Win	[190]	90	-138
Win	[160]	90	-108
Win	[160]	90	-108
Win	[180]	90	-138
Win	[160]	90	-123
Win	[150]	90	-111
Win	[150]	90	-105
Win	[160]	90	-111
Win	[190]	90	-135
Win	[140]	90	-108
Win	[150]	90	-108
Loss	[180]	90	-180
Win	[170]	90	-114
Win	[160]	90	-105
Win	[170]	90	-111
Win	[160]	90	-123
Win	[180]	90	-129
Win	[180]	90	-132
Win	[160]	90	-105
Win	[180]	90	-123
Win	[160]	90	-129
Win	[150]	90	-108
Win	[150]	90	-117
Win	[160]	90	-111
Win	[160]	90	-117
Win	[170]	90	-144
Win	[150]	90	-120
Win	[140]	90	-114
Win	[150]	90	-117
Win	[170]	90	-117
Win	[150]	90	-111
Win	[150]	90	-105
Win	[160]	90	-123
Win	[150]	90	-99
Win	[150]	90	-108
Win	[190]	90	-132
Win	[160]	90	-114
Win	[160]	90	-123
Win	[160]	90	-108
Win	[150]	90	-105
Win	[160]	90	-108
Win	[190]	90	-150
Dogfall	250	87	-177
Win	[180]	90	-120
Win	250	90	-177
Win	[140]	90	-99
Win	[150]	90	-111
Win	[170]	90	-138
Win	[160]	90	-123
Win	[150]	90	-108
Win	[140]	90	-105
Win	[150]	90	-102
Win	[150]	90	-99
Win	[210]	90	-144
Win	[160]	90	-108
Win	[160]	90	-108
Win	[140]	90	-105
Win	[150]	90	-102
Win	[210]	90	-159
Win	[170]	90	-147
Win	[150]	90	-108
Win	[140]	90	-102
Win	[170]	90	-120
Win	[140]	90	-99
Win	[140]	90	-105
Win	[170]	90	-114
Win	[180]	90	-135
Win	[150]	90	-120
Win	[160]	90	-120
Win	[150]	90	-117
Win	[160]	90	-117
Loss	[180]	90	-180
Win	[140]	90	-99
Win	[160]	90	-141
Win	[230]	90	-153
Win	[210]	90	-141
Win	[160]	90	-123
Win	[130]	90	-102
Win	[160]	90	-123
Win	[170]	90	-129
Win	[160]	90	-117
Win	[170]	90	-114
Win	[160]	90	-120
Win	[140]	90	-111
Win	[160]	90	-132
Loss	[230]	81	-180
Win	[180]	90	-144
Win	[150]	90	-99
Win	[160]	90	-111
Win	[150]	90	-102
Win	[140]	90	-99
Win	[140]	90	-108
Win	[150]	90	-105
Win	[140]	90	-111
Win	[140]	90	-114
Win	[140]	90	-105
Win	[160]	90	-123
Win	[160]	90	-102
Win	[140]	90	-99
Win	[150]	90	-111
Win	[140]	90	-99
Win	[150]	90	-120
Win	[170]	90	-141
Win	[140]	90	-117
Win	[140]	90	-111
Win	[170]	90	-129
Win	[150]	90	-111
Win	[150]	90	-99
Win	[140]	90	-105
Win	[150]	90	-117
Win	[180]	90	-120
Win	[160]	90	-114
Win	[180]	90	-132
Win	[190]	90	-138
Win	[130]	90	-93
Win	[150]	90	-117
Win	[150]	90	-108
Win	[140]	90	-105
Win	[150]	90	-111
Win	[150]	90	-99
Win	[150]	90	-111
Win	[150]	90	-117
Win	[170]	90	-105
Win	[130]	90	-96
Win	[160]	90	-111
Win	[140]	90	-99
Win	[170]	90	-123
Win	[150]	90	-108
Win	[150]	90	-123
Win	[150]	90	-117
Win	[190]	90	-126
Win	[160]	90	-123
Win	[140]	90	-111
Win	[150]	90	-117
Win	[170]	90	-117
Win	[140]	90	-105
