Loss	[210]	360	-360
Loss	[190]	360	-360
Loss	[180]	360	-360
Loss	[130]	360	-360
Loss	[140]	360	-360
Loss	[120]	360	-360
Loss	[210]	360	-360
Loss	[250]	360	-360
Loss	[280]	360	-360
Loss	[120]	360	-360
Loss	[150]	360	-360
Loss	[140]	360	-360
Dogfall	500.0	360	-357
Loss	[150]	360	-360
Loss	[150]	360	-360
Loss	[120]	360	-360
Loss	[110]	360	-360
Loss	[140]	360	-360
Loss	[230]	360	-360
Loss	[300]	360	-360
Loss	[230]	360	-360
Loss	[130]	360	-360
Dogfall	500.0	360	-354
Loss	[290]	360	-360
Loss	[150]	360	-360
Loss	[220]	360	-360
Loss	[230]	360	-360
Loss	[270]	360	-360
Loss	[250]	360	-360
Loss	[240]	360	-360
Loss	[260]	360	-360
Loss	[250]	360	-360
Loss	[250]	360	-360
Loss	[260]	360	-360
Loss	[260]	360	-360
Loss	[280]	360	-360
Win	[270]	360	-354
Loss	[130]	360	-360
Loss	[230]	360	-360
Loss	[270]	360	-360
Loss	[270]	360	-360
Loss	[260]	360	-360
Loss	[280]	360	-360
Loss	[250]	360	-360
Loss	[240]	360	-360
Loss	[280]	360	-360
Loss	[230]	360	-360
Loss	[160]	360	-360
Loss	[250]	360	-360
Win	[260]	360	-348
Loss	[270]	360	-360
Loss	[220]	360	-360
Loss	[220]	360	-360
Loss	[260]	360	-360
Loss	[240]	360	-360
Loss	[280]	360	-360
Loss	[180]	360	-360
Loss	[300]	360	-360
Loss	[240]	360	-360
Loss	[320]	360	-360
Loss	[250]	360	-360
Loss	[160]	360	-360
Loss	[140]	360	-360
Loss	[110]	360	-360
Loss	[260]	360	-360
Loss	[130]	360	-360
Loss	[290]	360	-360
Loss	[240]	360	-360
Loss	[170]	360	-360
Loss	[230]	360	-360
Loss	[240]	360	-360
Loss	[280]	360	-360
Loss	[240]	360	-360
Loss	[260]	360	-360
Loss	[280]	360	-360
Loss	[290]	360	-360
Win	[280]	360	-354
Loss	[250]	360	-360
Loss	[120]	360	-360
Loss	[250]	360	-360
Loss	[270]	360	-360
Loss	[300]	360	-360
Loss	[280]	360	-360
Loss	[120]	360	-360
Loss	[220]	360	-360
Loss	[240]	360	-360
Loss	[120]	360	-360
Loss	[130]	360	-360
Loss	[250]	360	-360
Loss	[210]	360	-360
Win	[250]	360	-348
Loss	[320]	360	-360
Win	[250]	360	-348
Loss	[290]	360	-360
Loss	[180]	360	-360
Loss	[270]	360	-360
Loss	[220]	360	-360
Loss	[260]	360	-360
Loss	[240]	360	-360
Loss	[240]	360	-360
Loss	[290]	360	-360
Loss	[250]	360	-360
Loss	[300]	360	-360
Loss	[200]	360	-360
Loss	[270]	360	-360
Loss	[270]	360	-360
Win	[280]	360	-351
Loss	[290]	360	-360
Loss	[330]	360	-360
Loss	[240]	360	-360
Win	[250]	360	-351
Loss	[210]	360	-360
Loss	[310]	360	-360
Loss	[230]	360	-360
Win	[280]	360	-357
Loss	[300]	360	-360
Loss	[270]	360	-360
Win	[280]	360	-354
Loss	[290]	360	-360
Loss	[240]	360	-360
Loss	[250]	360	-360
Loss	[260]	360	-360
Loss	[280]	360	-360
Loss	[300]	360	-360
Loss	[130]	360	-360
Loss	[270]	360	-360
Loss	[240]	360	-360
Loss	[270]	360	-360
Win	[310]	360	-357
Win	[270]	360	-354
Loss	[270]	360	-360
Win	[260]	360	-351
Loss	[250]	360	-360
Loss	[190]	360	-360
Loss	[270]	360	-360
Loss	[120]	360	-360
Loss	[250]	360	-360
Loss	[280]	360	-360
Loss	[260]	360	-360
Loss	[210]	360	-360
Loss	[260]	360	-360
Win	[270]	360	-351
Loss	[270]	360	-360
Loss	[210]	360	-360
Loss	[240]	360	-360
Loss	[230]	360	-360
Win	[280]	360	-351
Loss	[280]	360	-360
Loss	[250]	360	-360
Win	[290]	360	-357
Loss	[140]	360	-360
Loss	[230]	360	-360
Win	[270]	360	-354
Loss	[130]	360	-360
Win	[270]	360	-354
Win	[250]	360	-348
Loss	[280]	360	-360
Loss	[290]	360	-360
Loss	[280]	360	-360
Win	[270]	360	-357
Loss	[230]	360	-360
Loss	[210]	360	-360
Loss	[290]	360	-360
Loss	[290]	360	-360
Loss	[290]	360	-360
Loss	[280]	360	-360
Loss	[270]	360	-360
Win	[270]	360	-351
Loss	[280]	360	-360
Loss	[260]	360	-360
Loss	[270]	360	-360
Loss	[210]	360	-360
Win	[280]	360	-357
Loss	[130]	360	-360
Loss	[290]	360	-360
Loss	[230]	360	-360
Win	[280]	360	-354
Loss	[250]	360	-360
Loss	[280]	360	-360
Win	[270]	360	-342
Loss	[260]	360	-360
Loss	[250]	360	-360
Win	[290]	360	-348
Loss	[320]	360	-360
Loss	[280]	360	-360
Loss	[110]	360	-360
Loss	[260]	360	-360
Loss	[260]	360	-360
Loss	[250]	360	-360
Loss	[250]	360	-360
Loss	[140]	360	-360
Loss	[280]	360	-360
Loss	[250]	360	-360
Loss	[120]	360	-360
Loss	[260]	360	-360
Loss	[270]	360	-360
Loss	[300]	360	-360
Loss	[260]	360	-360
Dogfall	500.0	360	-354
Loss	[280]	360	-360
Loss	[280]	360	-360
Loss	[250]	360	-360
Loss	[280]	360	-360
Loss	[220]	360	-360
Loss	[290]	360	-360
Win	[300]	360	-354
Loss	[110]	360	-360
Loss	[240]	360	-360
Loss	[250]	360	-360
Loss	[270]	360	-360
Loss	[290]	360	-360
Loss	[290]	360	-360
Loss	[220]	360	-360
Loss	[290]	360	-360
Loss	[290]	360	-360
Win	[290]	360	-357
Win	[250]	360	-351
Loss	[250]	360	-360
Loss	[250]	360	-360
Loss	[340]	360	-360
Loss	[270]	360	-360
Win	[280]	360	-357
Loss	[250]	360	-360
Loss	[260]	360	-360
Loss	[270]	360	-360
Loss	[270]	360	-360
Win	[300]	360	-357
Loss	[300]	360	-360
Loss	[290]	360	-360
Win	[270]	360	-351
Loss	[220]	360	-360
Win	[260]	360	-354
Loss	[300]	360	-360
Loss	[220]	360	-360
Loss	[220]	360	-360
Loss	[280]	360	-360
Loss	[240]	360	-360
Loss	[230]	360	-360
Loss	[290]	360	-360
Loss	[250]	360	-360
Win	[270]	360	-351
Loss	[120]	360	-360
Loss	[280]	360	-360
Loss	[240]	360	-360
Win	[250]	360	-351
Win	[260]	360	-354
Loss	[250]	360	-360
Loss	[250]	360	-360
Win	[250]	360	-348
Loss	[290]	360	-360
Loss	[140]	360	-360
Loss	[270]	360	-360
Loss	[280]	360	-360
Loss	[260]	360	-360
Loss	[300]	360	-360
Loss	[240]	360	-360
Loss	[260]	360	-360
Win	[250]	360	-348
Loss	[230]	360	-360
Loss	[280]	360	-360
Win	[250]	360	-348
Win	[280]	360	-357
Loss	[290]	360	-360
Loss	[150]	360	-360
Loss	[300]	360	-360
Loss	[300]	360	-360
Win	[280]	360	-357
Win	[270]	360	-354
Loss	[250]	360	-360
Loss	[250]	360	-360
Loss	[320]	360	-360
Loss	[290]	360	-360
Loss	[230]	360	-360
Win	[270]	360	-351
Win	[290]	360	-357
Loss	[280]	360	-360
Loss	[290]	360	-360
Loss	[300]	360	-360
Loss	[260]	360	-360
Loss	[270]	360	-360
Loss	[280]	360	-360
Loss	[260]	360	-360
Loss	[290]	360	-360
Loss	[280]	360	-360
Loss	[270]	360	-360
Loss	[260]	360	-360
Loss	[280]	360	-360
Loss	[280]	360	-360
Loss	[280]	360	-360
Loss	[250]	360	-360
Loss	[260]	360	-360
Loss	[220]	360	-360
Win	[280]	360	-357
Loss	[230]	360	-360
Loss	[290]	360	-360
Win	[270]	360	-354
Loss	[240]	360	-360
Loss	[280]	360	-360
Dogfall	500.0	360	-357
Loss	[270]	360	-360
Loss	[260]	360	-360
Win	[290]	360	-357
Win	[280]	360	-357
Win	[290]	360	-357
Loss	[270]	360	-360
Loss	[240]	360	-360
Loss	[290]	360	-360
Loss	[290]	360	-360
Loss	[280]	360	-360
Loss	[260]	360	-360
Win	[260]	360	-354
Win	[270]	360	-354
Loss	[280]	360	-360
Loss	[250]	360	-360
Loss	[260]	360	-360
Loss	[290]	360	-360
Loss	[220]	360	-360
Win	[290]	360	-351
Loss	[230]	360	-360
Loss	[270]	360	-360
Loss	[230]	360	-360
Loss	[340]	360	-360
Loss	[120]	360	-360
Loss	[290]	360	-360
Loss	[110]	360	-360
Loss	[270]	360	-360
Loss	[260]	360	-360
Loss	[270]	360	-360
Loss	[270]	360	-360
Win	[270]	360	-357
Loss	[200]	360	-360
Loss	[260]	360	-360
Loss	[250]	360	-360
Loss	[250]	360	-360
Loss	[290]	360	-360
Loss	[280]	360	-360
Loss	[280]	360	-360
Win	[260]	360	-351
Loss	[290]	360	-360
Win	[290]	360	-357
Loss	[120]	360	-360
Win	[260]	360	-351
Win	[270]	360	-354
Loss	[250]	360	-360
Loss	[290]	360	-360
Loss	[250]	360	-360
Loss	[290]	360	-360
Loss	[230]	360	-360
Loss	[290]	360	-360
Loss	[210]	360	-360
Loss	[290]	360	-360
Win	[250]	360	-348
Loss	[280]	360	-360
Loss	[230]	360	-360
Loss	[240]	360	-360
Loss	[270]	360	-360
Loss	[270]	360	-360
Win	[310]	360	-357
Win	[260]	360	-351
Loss	[270]	360	-360
Win	[280]	360	-351
Loss	[280]	360	-360
Loss	[180]	360	-360
Loss	[270]	360	-360
Loss	[290]	360	-360
Loss	[120]	360	-360
Win	[290]	360	-357
Win	[280]	360	-357
Loss	[280]	360	-360
Loss	[290]	360	-360
Win	[260]	360	-351
Win	[350]	360	-354
Loss	[290]	360	-360
Loss	[270]	360	-360
Win	[280]	360	-357
Loss	[320]	360	-360
Loss	[280]	360	-360
Win	[260]	360	-351
Win	[260]	360	-351
Loss	[250]	360	-360
Loss	[300]	360	-360
Loss	[280]	360	-360
Loss	[270]	360	-360
Loss	[290]	360	-360
Loss	[300]	360	-360
Loss	[290]	360	-360
Loss	[150]	360	-360
Loss	[230]	360	-360
Loss	[250]	360	-360
Loss	[240]	360	-360
Loss	[120]	360	-360
Loss	[270]	360	-360
Loss	[230]	360	-360
Loss	[280]	360	-360
Loss	[250]	360	-360
Win	[280]	360	-354
Loss	[230]	360	-360
Loss	[250]	360	-360
Loss	[300]	360	-360
Loss	[270]	360	-360
Win	[270]	360	-351
Loss	[120]	360	-360
Loss	[310]	360	-360
Win	[270]	360	-354
Loss	[250]	360	-360
Win	[270]	360	-354
Win	[260]	360	-351
Loss	[320]	360	-360
Loss	[300]	360	-360
Loss	[110]	360	-360
Dogfall	500.0	360	-357
Loss	[280]	360	-360
Loss	[270]	360	-360
Loss	[230]	360	-360
Loss	[260]	360	-360
Loss	[280]	360	-360
Loss	[290]	360	-360
Loss	[260]	360	-360
Loss	[240]	360	-360
Loss	[280]	360	-360
Loss	[280]	360	-360
Loss	[190]	360	-360
Loss	[290]	360	-360
Loss	[300]	360	-360
Loss	[260]	360	-360
Loss	[290]	360	-360
Loss	[290]	360	-360
Loss	[300]	360	-360
Loss	[230]	360	-360
Loss	[260]	360	-360
Loss	[250]	360	-360
Win	[280]	360	-351
Loss	[240]	360	-360
Win	[280]	360	-354
Loss	[220]	360	-360
Loss	[270]	360	-360
Loss	[300]	360	-360
Loss	[290]	360	-360
Loss	[250]	360	-360
Loss	[220]	360	-360
Loss	[240]	360	-360
Loss	[120]	360	-360
Loss	[310]	360	-360
Loss	[280]	360	-360
Loss	[280]	360	-360
Loss	[230]	360	-360
Loss	[260]	360	-360
Loss	[110]	360	-360
Loss	[250]	360	-360
Win	[250]	360	-351
Win	[250]	360	-351
Win	[280]	360	-354
Loss	[270]	360	-360
Win	[280]	360	-357
Loss	[290]	360	-360
Loss	[230]	360	-360
Loss	[290]	360	-360
Loss	[260]	360	-360
Loss	[280]	360	-360
Loss	[240]	360	-360
Win	[270]	360	-351
Win	[290]	360	-357
Loss	[260]	360	-360
Win	[290]	360	-357
Loss	[270]	360	-360
Loss	[240]	360	-360
Loss	[290]	360	-360
Loss	[250]	360	-360
Loss	[320]	360	-360
Loss	[140]	360	-360
Loss	[280]	360	-360
Loss	[180]	360	-360
Loss	[260]	360	-360
Loss	[300]	360	-360
Win	[270]	360	-354
Loss	[290]	360	-360
Loss	[270]	360	-360
Loss	[340]	360	-360
Win	[270]	360	-354
Win	[270]	360	-357
Loss	[250]	360	-360
Loss	[260]	360	-360
Loss	[230]	360	-360
Loss	[290]	360	-360
Loss	[280]	360	-360
Loss	[240]	360	-360
Win	[280]	360	-354
Loss	[260]	360	-360
Loss	[290]	360	-360
Loss	[320]	360	-360
Loss	[290]	360	-360
Win	[270]	360	-354
Loss	[230]	360	-360
Loss	[260]	360	-360
Loss	[290]	360	-360
Loss	[220]	360	-360
Loss	[240]	360	-360
Loss	[250]	360	-360
Win	[260]	360	-351
