Loss	250.0	165	-180
Loss	[110]	180	-180
Loss	[120]	180	-180
Loss	[190]	180	-180
Loss	[130]	180	-180
Loss	[160]	180	-180
Loss	[130]	180	-180
Loss	[130]	180	-180
Loss	[160]	180	-180
Loss	[130]	180	-180
Loss	250.0	165	-180
Win	[190]	180	-177
Loss	[180]	180	-180
Loss	[110]	180	-180
Loss	[150]	180	-180
Loss	[160]	180	-180
Loss	[170]	180	-180
Loss	[140]	180	-180
Loss	[170]	180	-180
Loss	[140]	180	-180
Loss	[140]	180	-180
Loss	[200]	180	-180
Loss	[220]	126	-180
Loss	[180]	180	-180
Loss	[110]	180	-180
Loss	[170]	180	-180
Loss	[160]	180	-180
Loss	[120]	180	-180
Loss	[120]	180	-180
Loss	[160]	180	-180
Loss	[110]	180	-180
Loss	[130]	180	-180
Loss	[110]	180	-180
Loss	[150]	180	-180
Win	[150]	180	-177
Loss	[150]	180	-180
Loss	[150]	180	-180
Loss	[210]	165	-180
Loss	[120]	180	-180
Loss	[130]	180	-180
Loss	[110]	180	-180
Loss	[110]	180	-180
Loss	[170]	180	-180
Loss	[130]	180	-180
Loss	[130]	180	-180
Loss	[150]	180	-180
Loss	[160]	180	-180
Loss	[140]	180	-180
Loss	[150]	180	-180
Loss	[120]	180	-180
Loss	[210]	159	-180
Loss	[130]	180	-180
Loss	[180]	180	-180
Loss	[170]	180	-180
Loss	[160]	180	-180
Loss	[130]	180	-180
Loss	[160]	180	-180
Loss	[130]	180	-180
Loss	[120]	180	-180
Loss	[170]	180	-180
Loss	[170]	180	-180
Loss	[120]	180	-180
Loss	[180]	180	-180
Loss	[120]	180	-180
Loss	[150]	180	-180
Loss	[180]	180	-180
Loss	[180]	180	-180
Dogfall	250.0	171	-177
Dogfall	250.0	147	-165
Loss	250.0	165	-180
Loss	[240]	171	-180
Loss	[220]	165	-180
Win	[210]	180	-159
Loss	[120]	180	-180
Loss	[160]	180	-180
Loss	[220]	153	-180
Loss	[220]	147	-180
Loss	[180]	180	-180
Loss	[200]	180	-180
Loss	[210]	159	-180
Loss	[190]	180	-180
Loss	[200]	180	-180
Win	[180]	180	-153
Loss	[230]	177	-180
Dogfall	250.0	165	-177
Loss	[170]	180	-180
Loss	[180]	180	-180
Loss	[170]	180	-180
Loss	[110]	180	-180
Loss	[110]	180	-180
Loss	[150]	180	-180
Loss	[170]	180	-180
Loss	[120]	180	-180
Loss	[160]	180	-180
Loss	[120]	180	-180
Loss	[170]	180	-180
Loss	[140]	180	-180
Loss	[160]	180	-180
Loss	[130]	180	-180
Loss	[180]	180	-180
Loss	[170]	180	-180
Loss	[140]	180	-180
Loss	[110]	180	-180
Loss	[160]	180	-180
Loss	[170]	180	-180
Loss	[130]	180	-180
Loss	[140]	180	-180
Loss	[140]	180	-180
Loss	[170]	180	-180
Win	[180]	180	-168
Loss	[150]	180	-180
Loss	[170]	180	-180
Loss	[140]	180	-180
Loss	[170]	180	-180
Loss	[110]	180	-180
Loss	[130]	180	-180
Loss	[160]	180	-180
Loss	[160]	180	-180
Loss	[110]	180	-180
Loss	[140]	180	-180
Win	[160]	180	-171
Loss	[120]	180	-180
Loss	[130]	180	-180
Loss	[120]	180	-180
Loss	[120]	180	-180
Loss	[130]	180	-180
Loss	[130]	180	-180
Loss	[150]	180	-180
Loss	[140]	180	-180
Loss	[230]	171	-180
Win	[150]	180	-177
Loss	[140]	180	-180
Loss	[150]	180	-180
Loss	[110]	180	-180
Loss	[130]	180	-180
Loss	[140]	180	-180
Loss	[110]	180	-180
Win	[200]	180	-156
Loss	250.0	177	-180
Loss	[190]	180	-180
Loss	250.0	177	-180
Loss	[210]	180	-180
Loss	250.0	171	-180
Dogfall	250.0	177	-177
Dogfall	250.0	165	-177
Loss	[190]	180	-180
Loss	250.0	171	-180
Loss	[200]	180	-180
Loss	[240]	159	-180
Loss	[240]	171	-180
Loss	[180]	180	-180
Loss	250.0	165	-180
Loss	[220]	141	-180
Loss	[170]	180	-180
Loss	[230]	159	-180
Dogfall	250.0	147	-177
Loss	[140]	180	-180
Loss	[170]	180	-180
Loss	[190]	180	-180
Loss	[110]	180	-180
Loss	[110]	180	-180
Loss	[110]	180	-180
Dogfall	250.0	165	-177
Loss	[200]	180	-180
Loss	[210]	180	-180
Win	[190]	180	-156
Dogfall	250.0	141	-165
Loss	[110]	180	-180
Loss	[190]	180	-180
Dogfall	250.0	177	-177
Loss	[200]	180	-180
Loss	[210]	153	-180
Loss	[210]	180	-180
Loss	[230]	165	-180
Loss	[240]	177	-180
Loss	[190]	180	-180
Dogfall	250.0	177	-177
Loss	[220]	153	-180
Loss	[180]	180	-180
Loss	[210]	165	-180
Win	[240]	180	-171
Loss	[240]	177	-180
Loss	[160]	180	-180
Loss	[110]	180	-180
Win	[220]	180	-168
Loss	250.0	171	-180
Loss	[180]	180	-180
Loss	[240]	165	-180
Loss	[190]	180	-180
Loss	[200]	180	-180
Loss	[150]	180	-180
Loss	[190]	180	-180
Win	[230]	180	-165
Loss	[190]	180	-180
Loss	[220]	141	-180
Loss	[180]	180	-180
Loss	[220]	153	-180
Loss	[180]	180	-180
Loss	[180]	180	-180
Loss	[130]	180	-180
Dogfall	250.0	177	-171
Loss	[240]	177	-180
Loss	250.0	171	-180
Loss	[160]	180	-180
Loss	[170]	180	-180
Loss	[190]	180	-180
Loss	[200]	180	-180
Loss	[170]	180	-180
Loss	[160]	180	-180
Loss	[190]	180	-180
Loss	[200]	180	-180
Loss	[240]	165	-180
Loss	[120]	180	-180
Loss	[200]	180	-180
Loss	[220]	165	-180
Loss	[110]	180	-180
Loss	[190]	180	-180
Loss	[130]	180	-180
Loss	[120]	180	-180
Loss	[160]	180	-180
Loss	[110]	180	-180
Loss	[120]	180	-180
Loss	[120]	180	-180
Loss	[120]	180	-180
Loss	[150]	180	-180
Loss	[160]	180	-180
Loss	[110]	180	-180
Loss	[180]	180	-180
Loss	[120]	180	-180
Loss	[150]	180	-180
Loss	[220]	177	-180
Win	[200]	180	-174
Loss	[110]	180	-180
Loss	[230]	165	-180
Loss	[220]	177	-180
Loss	[130]	180	-180
Loss	[140]	180	-180
Loss	[120]	180	-180
Loss	[110]	180	-180
Loss	[120]	180	-180
Loss	[120]	180	-180
Loss	[130]	180	-180
Loss	[110]	180	-180
Win	[150]	180	-177
Loss	[120]	180	-180
Loss	[140]	180	-180
Win	[170]	180	-174
Loss	[130]	180	-180
Loss	[180]	180	-180
Win	[200]	180	-177
Loss	[120]	180	-180
Loss	[230]	153	-180
Loss	[110]	180	-180
Loss	[120]	180	-180
Loss	[140]	180	-180
Dogfall	250.0	165	-171
Loss	[170]	180	-180
Dogfall	250.0	177	-177
Loss	[210]	180	-180
Loss	[240]	165	-180
Loss	250.0	171	-180
Dogfall	250.0	159	-177
Loss	[230]	159	-180
Loss	[220]	177	-180
Loss	[240]	165	-180
Loss	[210]	153	-180
Loss	[210]	147	-180
Loss	[190]	180	-180
Win	[210]	180	-168
Loss	250.0	171	-180
Loss	[230]	171	-180
Dogfall	250.0	177	-177
Loss	[230]	165	-180
Loss	[230]	153	-180
Loss	[110]	180	-180
Loss	[180]	180	-180
Loss	[120]	180	-180
Loss	[190]	180	-180
Loss	[160]	180	-180
Loss	[180]	180	-180
Loss	[160]	180	-180
Loss	250.0	171	-180
Loss	[240]	165	-180
Loss	[240]	165	-180
Loss	[230]	159	-180
Loss	[200]	180	-180
Loss	[170]	180	-180
Win	[210]	180	-165
Dogfall	250.0	171	-177
Loss	[240]	165	-180
Loss	[200]	180	-180
Dogfall	250.0	171	-171
Loss	[240]	153	-180
Loss	[210]	165	-180
Loss	[240]	171	-180
Loss	[210]	180	-180
Loss	[160]	180	-180
Loss	[150]	180	-180
Loss	[160]	180	-180
Loss	[190]	180	-180
Loss	[130]	180	-180
Loss	[110]	180	-180
Loss	[170]	180	-180
Dogfall	250.0	159	-171
Win	[210]	180	-171
Loss	250.0	171	-180
Loss	[140]	180	-180
Loss	[130]	180	-180
Loss	[150]	180	-180
Loss	[210]	147	-180
Loss	[200]	180	-180
Loss	[210]	180	-180
Loss	[120]	180	-180
Loss	[210]	153	-180
Loss	[130]	180	-180
Loss	[110]	180	-180
Loss	[120]	180	-180
Loss	[220]	138	-180
Loss	[230]	171	-180
Loss	250.0	171	-180
Loss	[130]	180	-180
Loss	[110]	180	-180
Win	[220]	180	-165
Loss	[180]	180	-180
Dogfall	250.0	171	-177
Loss	[220]	159	-180
Loss	250.0	177	-180
Loss	[210]	180	-180
Loss	[220]	165	-180
Loss	[180]	180	-180
Loss	[200]	180	-180
Loss	[150]	180	-180
Loss	[210]	180	-180
Loss	[150]	180	-180
Loss	[170]	180	-180
Loss	[220]	165	-180
Loss	[230]	159	-180
Loss	[160]	180	-180
Loss	[120]	180	-180
Loss	[140]	180	-180
Loss	[220]	147	-180
Loss	[160]	180	-180
Loss	[130]	180	-180
Loss	[120]	180	-180
Loss	[170]	180	-180
Loss	[140]	180	-180
Loss	[120]	180	-180
Loss	[160]	180	-180
Win	[240]	180	-177
Loss	250.0	165	-180
Loss	[220]	165	-180
Loss	[210]	159	-180
Loss	[200]	180	-180
Loss	[240]	165	-180
Loss	[220]	153	-180
Loss	[180]	180	-180
Loss	[120]	180	-180
Loss	[120]	180	-180
Loss	[110]	180	-180
Loss	[130]	180	-180
Loss	[230]	159	-180
Loss	[240]	165	-180
Dogfall	250.0	171	-177
Loss	[220]	159	-180
Loss	[170]	180	-180
Win	[180]	180	-156
Dogfall	250.0	156	-177
Loss	250.0	165	-180
Loss	250.0	120	-180
Loss	[170]	180	-180
Loss	[160]	180	-180
Loss	[190]	180	-180
Loss	[130]	180	-180
Loss	[160]	180	-180
Loss	[200]	180	-180
Loss	250.0	171	-180
Loss	[200]	180	-180
Loss	[150]	180	-180
Loss	[180]	180	-180
Loss	[170]	180	-180
Loss	[140]	180	-180
Loss	[220]	165	-180
Loss	[150]	180	-180
Loss	[200]	180	-180
Loss	[170]	180	-180
Loss	[220]	159	-180
Loss	[240]	159	-180
Dogfall	250.0	159	-171
Loss	[210]	180	-180
Win	[230]	180	-165
Loss	[240]	159	-180
Loss	[240]	171	-180
Loss	[120]	180	-180
Loss	[140]	180	-180
Loss	[140]	180	-180
Loss	[160]	180	-180
Win	[210]	180	-171
Loss	[140]	180	-180
Loss	[170]	180	-180
Loss	[120]	180	-180
Loss	[130]	180	-180
Loss	[120]	180	-180
Loss	[160]	180	-180
Loss	[120]	180	-180
Loss	[160]	180	-180
Loss	[140]	180	-180
Loss	[160]	180	-180
Win	[200]	180	-177
Loss	[200]	180	-180
Loss	[160]	180	-180
Loss	[110]	180	-180
Loss	[110]	180	-180
Loss	[160]	180	-180
Loss	[120]	180	-180
Loss	[150]	180	-180
Loss	[130]	180	-180
Loss	[120]	180	-180
Loss	[190]	180	-180
Loss	[150]	180	-180
Loss	[160]	180	-180
Loss	[190]	180	-180
Loss	[140]	180	-180
Loss	[170]	180	-180
Loss	[240]	120	-180
Loss	[200]	180	-180
Loss	[150]	180	-180
Loss	[180]	180	-180
Loss	[190]	180	-180
Win	[170]	180	-168
Loss	[150]	180	-180
Loss	[180]	180	-180
Loss	[130]	180	-180
Loss	[150]	180	-180
Loss	[120]	180	-180
Loss	[140]	180	-180
Loss	[190]	180	-180
Loss	[130]	180	-180
Loss	[150]	180	-180
Loss	[150]	180	-180
Loss	[170]	180	-180
Loss	[140]	180	-180
Loss	[130]	180	-180
Loss	[160]	180	-180
Loss	[130]	180	-180
Loss	[180]	180	-180
Win	[190]	180	-159
Loss	[130]	180	-180
Loss	[110]	180	-180
Loss	[180]	180	-180
Loss	[160]	180	-180
Loss	[120]	180	-180
Loss	[190]	180	-180
Loss	[210]	147	-180
Loss	[200]	180	-180
Loss	[190]	180	-180
Loss	[170]	180	-180
Loss	[120]	180	-180
Loss	[110]	180	-180
Loss	[130]	180	-180
Loss	[130]	180	-180
Loss	[190]	180	-180
Loss	[190]	180	-180
Loss	[200]	180	-180
Loss	[210]	135	-180
Loss	[140]	180	-180
Loss	[130]	180	-180
Loss	[130]	180	-180
Loss	[120]	180	-180
Loss	[120]	180	-180
Loss	[130]	180	-180
Loss	[110]	180	-180
Loss	[170]	180	-180
Loss	[130]	180	-180
Loss	[170]	180	-180
Loss	[210]	171	-180
Loss	[160]	180	-180
Loss	[160]	180	-180
Loss	[120]	180	-180
Loss	[210]	177	-180
Loss	[210]	159	-180
Loss	[170]	180	-180
Dogfall	250.0	114	-159
Loss	[230]	153	-180
Loss	[200]	180	-180
Loss	[200]	180	-180
Loss	[230]	144	-180
Loss	[160]	180	-180
Loss	[170]	180	-180
Loss	[180]	180	-180
Loss	[160]	180	-180
Loss	[230]	126	-180
Loss	[160]	180	-180
Loss	[150]	180	-180
Loss	[110]	180	-180
Loss	[120]	180	-180
Loss	[160]	180	-180
Loss	[150]	180	-180
Loss	[120]	180	-180
Loss	[120]	180	-180
