Loss	[120]	360	-360
Loss	[160]	360	-360
Loss	[240]	318	-360
Loss	[200]	360	-360
Loss	[200]	360	-360
Loss	[200]	360	-360
Win	[200]	360	-276
Loss	[190]	360	-360
Win	[210]	360	-339
Win	[240]	360	-324
Loss	[210]	294	-360
Loss	[220]	306	-360
Win	[240]	360	-351
Win	[180]	360	-252
Win	[170]	360	-258
Loss	[170]	360	-360
Win	[220]	360	-318
Win	[200]	360	-303
Loss	[230]	312	-360
Win	[160]	360	-276
Loss	[140]	360	-360
Dogfall	250.0	300	-351
Loss	[190]	360	-360
Win	[170]	360	-294
Loss	[170]	360	-360
Win	[180]	360	-267
Win	[160]	360	-264
Loss	[200]	360	-360
Dogfall	250.0	357	-357
Win	[180]	360	-276
Win	[170]	360	-258
Dogfall	250.0	351	-318
Win	[150]	360	-246
Win	[140]	360	-243
Win	[190]	360	-285
Loss	[220]	312	-360
Win	[140]	360	-246
Win	[170]	360	-264
Loss	[230]	300	-360
Win	[210]	360	-291
Dogfall	250.0	345	-345
Win	[230]	360	-306
Win	250.0	360	-306
Win	[160]	360	-249
Win	[150]	360	-240
Win	[190]	360	-273
Loss	[160]	360	-360
Win	[150]	360	-231
Win	[160]	360	-264
Win	[140]	360	-219
Win	[200]	360	-312
Win	[180]	360	-306
Win	[150]	360	-237
Win	[140]	360	-237
Win	[160]	360	-234
Dogfall	250.0	357	-333
Dogfall	250.0	339	-333
Win	[150]	360	-270
Win	[150]	360	-240
Win	[160]	360	-291
Win	[180]	360	-267
Win	[160]	360	-246
Win	[140]	360	-246
Win	[210]	360	-303
Win	[160]	360	-273
Win	250.0	360	-321
Win	[150]	360	-261
Win	[150]	360	-261
Win	[140]	360	-234
Win	[160]	360	-279
Win	[230]	360	-294
Win	[140]	360	-213
Win	[150]	360	-219
Win	250.0	360	-333
Win	[150]	360	-258
Win	[170]	360	-243
Win	[140]	360	-255
Win	[140]	360	-210
Win	[140]	360	-234
Dogfall	250.0	285	-357
Win	[140]	360	-234
Win	[160]	360	-282
Win	[160]	360	-276
Win	[160]	360	-252
Win	[170]	360	-303
Win	[180]	360	-273
Win	[140]	360	-234
Win	[170]	360	-300
Win	[140]	360	-237
Win	[200]	360	-315
Win	[200]	360	-306
Win	[150]	360	-249
Loss	[230]	288	-360
Win	[140]	360	-237
Win	[160]	360	-291
Dogfall	250.0	333	-324
Win	[150]	360	-219
Win	[140]	360	-240
Loss	[230]	291	-360
Win	[170]	360	-276
Win	[180]	360	-285
Win	[140]	360	-219
Win	[210]	360	-276
Win	[180]	360	-258
Win	[190]	360	-300
Win	[170]	360	-279
Win	[140]	360	-255
Win	[160]	360	-270
Win	[160]	360	-282
Win	[170]	360	-294
Loss	[160]	360	-360
Win	[160]	360	-267
Win	[160]	360	-252
Win	[180]	360	-312
Win	[210]	360	-336
Win	[180]	360	-279
Win	[140]	360	-237
Win	[140]	360	-207
Win	[150]	360	-237
Win	[160]	360	-261
Win	[140]	360	-231
Win	[170]	360	-276
Win	[140]	360	-255
Win	[140]	360	-261
Win	[140]	360	-252
Win	[170]	360	-285
Win	[190]	360	-291
Win	[150]	360	-225
Loss	[210]	327	-360
Win	[190]	360	-279
Win	[140]	360	-246
Win	[160]	360	-264
Win	[160]	360	-267
Win	[140]	360	-249
Win	[170]	360	-267
Win	[140]	360	-219
Win	[240]	360	-315
Win	[230]	360	-315
Win	[210]	360	-303
Win	[160]	360	-270
Win	[140]	360	-213
Win	[140]	360	-264
Win	[160]	360	-258
Win	[160]	360	-288
Win	[160]	360	-240
Win	[180]	360	-282
Loss	250.0	300	-360
Win	[180]	360	-276
Win	[140]	360	-252
Win	[160]	360	-261
Win	[160]	360	-228
Win	[150]	360	-261
Win	[160]	360	-261
Win	[170]	360	-270
Win	[140]	360	-219
Win	[170]	360	-270
Win	[150]	360	-273
Win	[160]	360	-279
Win	[140]	360	-261
Win	[170]	360	-282
Win	[180]	360	-261
Win	[160]	360	-270
Loss	[230]	297	-360
Loss	[160]	360	-360
Loss	[160]	360	-360
Win	[150]	360	-276
Loss	[190]	360	-360
Loss	[190]	360	-360
Win	[160]	360	-234
Win	[190]	360	-276
Win	[180]	360	-270
Win	[160]	360	-273
Win	[140]	360	-255
Win	[170]	360	-273
Win	[160]	360	-276
Win	[210]	360	-303
Win	[150]	360	-285
Win	[160]	360	-282
Win	[140]	360	-267
Win	[180]	360	-273
Win	[170]	360	-288
Win	[140]	360	-261
Win	[190]	360	-279
Win	[180]	360	-273
Win	[190]	360	-297
Win	[160]	360	-294
Win	[200]	360	-315
Win	[160]	360	-285
Win	[170]	360	-285
Win	[150]	360	-285
Win	[220]	360	-303
Win	[160]	360	-270
Win	[150]	360	-291
Win	[160]	360	-273
Win	[160]	360	-285
Win	[150]	360	-267
Loss	[150]	360	-360
Loss	[200]	360	-360
Win	[150]	360	-279
Win	[180]	360	-291
Win	[160]	360	-285
Win	[150]	360	-243
Win	[160]	360	-270
Win	[150]	360	-282
Loss	[210]	345	-360
Win	[160]	360	-279
Win	[180]	360	-291
Win	[180]	360	-261
Win	[140]	360	-273
Win	[140]	360	-249
Win	[140]	360	-258
Win	[150]	360	-237
Win	[160]	360	-252
Win	[140]	360	-258
Dogfall	250.0	339	-327
Win	[240]	360	-309
Win	[170]	360	-279
Win	[210]	360	-312
Win	[140]	360	-243
Win	[150]	360	-258
Win	[140]	360	-252
Dogfall	250.0	321	-336
Win	[140]	360	-234
Win	[160]	360	-282
Win	[170]	360	-288
Win	[160]	360	-261
Win	[170]	360	-273
Win	[170]	360	-267
Win	[170]	360	-276
Win	[140]	360	-237
Win	[140]	360	-222
Win	[160]	360	-249
Win	[150]	360	-261
Win	[130]	360	-222
Loss	[150]	360	-360
Win	250.0	360	-354
Win	[160]	360	-285
Win	[150]	360	-267
Win	[150]	360	-285
Win	[150]	360	-288
Win	[140]	360	-222
Win	[140]	360	-222
Win	[190]	360	-294
Win	[140]	360	-237
Win	[140]	360	-228
Dogfall	250.0	345	-339
Win	[160]	360	-237
Loss	[190]	360	-360
Win	[170]	360	-258
Win	[160]	360	-273
Win	[190]	360	-297
Win	[160]	360	-279
Win	[150]	360	-261
Loss	[200]	333	-360
Win	[140]	360	-252
Win	[150]	360	-288
Win	[140]	360	-261
Loss	[200]	360	-360
Win	[210]	360	-303
Win	[150]	360	-279
Win	[190]	360	-303
Win	[130]	360	-237
Win	[190]	360	-303
Win	[150]	360	-264
Loss	[190]	360	-360
Win	[230]	360	-318
Win	[150]	360	-243
Win	[210]	360	-309
Win	[190]	360	-297
Loss	[200]	360	-360
Dogfall	250.0	345	-339
Win	[180]	360	-291
Win	[170]	360	-303
Win	[170]	360	-285
Win	[170]	360	-276
Win	[220]	360	-312
Win	[140]	360	-246
Dogfall	250.0	333	-333
Win	[150]	360	-267
Win	[170]	360	-246
Win	[230]	360	-324
Loss	[180]	360	-360
Dogfall	250.0	351	-357
Win	[160]	360	-276
Loss	[180]	360	-360
Win	[140]	360	-225
Win	[210]	360	-312
Win	[170]	360	-255
Loss	[140]	360	-360
Loss	[210]	270	-360
Win	[160]	360	-222
Loss	[240]	297	-360
Loss	250.0	318	-360
Win	[140]	360	-237
Win	[160]	360	-264
Loss	[210]	288	-360
Win	[190]	360	-279
Win	[150]	360	-249
Win	[160]	360	-249
Win	[170]	360	-288
Win	[140]	360	-231
Win	[190]	360	-297
Win	[150]	360	-249
Loss	[170]	360	-360
Win	[170]	360	-288
Win	[150]	360	-237
Win	[140]	360	-243
Win	[230]	360	-330
Loss	[200]	360	-360
Win	[160]	360	-228
Win	[170]	360	-282
Win	[210]	360	-300
Win	[140]	360	-237
Win	[170]	360	-270
Loss	[220]	273	-360
Win	[180]	360	-267
Win	250.0	360	-351
Win	[180]	360	-288
Win	[150]	360	-261
Win	[170]	360	-228
Win	[170]	360	-312
Win	[160]	360	-258
Win	[140]	360	-243
Win	[160]	360	-249
Win	[230]	360	-312
Win	[190]	360	-285
Loss	250.0	357	-360
Win	[160]	360	-282
Win	[200]	360	-279
Win	[170]	360	-273
Win	[160]	360	-279
Loss	[170]	360	-360
Win	[200]	360	-336
Loss	[220]	306	-360
Win	[220]	360	-336
Win	[180]	360	-318
Win	[200]	360	-306
Loss	[200]	360	-360
Win	[140]	360	-273
Win	[140]	360	-258
Win	[140]	360	-267
Win	[130]	360	-204
Win	[170]	360	-252
Win	[180]	360	-315
Win	[140]	360	-225
Win	[180]	360	-279
Win	[190]	360	-303
Win	[160]	360	-279
Loss	[170]	360	-360
Win	[180]	360	-297
Win	[200]	360	-324
Loss	[210]	315	-360
Win	[230]	360	-327
Loss	[200]	360	-360
Win	[170]	360	-294
Loss	[150]	360	-360
Win	[200]	360	-291
Win	[200]	360	-285
Win	[170]	360	-315
Win	[200]	360	-312
Loss	[170]	360	-360
Win	[170]	360	-282
Win	[140]	360	-234
Win	[240]	360	-348
Win	[140]	360	-225
Win	[150]	360	-261
Win	[140]	360	-243
Win	[140]	360	-234
Win	[140]	360	-219
Win	[160]	360	-276
Dogfall	250.0	351	-333
Win	[130]	360	-222
Win	[160]	360	-264
Win	[150]	360	-246
Win	[130]	360	-216
Win	[150]	360	-240
Win	[150]	360	-246
Win	[140]	360	-216
Win	[160]	360	-264
Win	[160]	360	-252
Win	[240]	360	-306
Win	[160]	360	-258
Dogfall	250.0	327	-339
Win	[140]	360	-249
Win	[160]	360	-231
Win	[160]	360	-237
Win	[140]	360	-246
Win	[240]	360	-312
Win	[140]	360	-234
Win	[170]	360	-264
Win	[150]	360	-243
Win	[230]	360	-312
Win	[140]	360	-231
Loss	[220]	267	-360
Dogfall	250.0	351	-339
Win	[170]	360	-234
Win	[190]	360	-255
Loss	[240]	318	-360
Win	[170]	360	-291
Win	[160]	360	-276
Win	[150]	360	-243
Win	[160]	360	-246
Win	[130]	360	-222
Win	[140]	360	-237
Win	[140]	360	-219
Win	[140]	360	-231
Loss	[200]	360	-360
Win	[160]	360	-252
Win	[170]	360	-270
Win	[140]	360	-219
Win	[190]	360	-297
Win	[140]	360	-225
Win	[140]	360	-231
Win	[180]	360	-285
Win	[140]	360	-276
Loss	[180]	360	-360
Win	[140]	360	-222
Win	[150]	360	-249
Win	[200]	360	-291
Win	[190]	360	-255
Win	[170]	360	-297
Win	[150]	360	-240
Win	[150]	360	-240
Win	[140]	360	-237
Win	[150]	360	-234
Win	[140]	360	-225
Win	[150]	360	-240
Loss	[170]	360	-360
Win	[140]	360	-240
Win	[230]	360	-306
Win	[140]	360	-222
Win	[140]	360	-225
Win	[230]	360	-297
Win	[170]	360	-252
Win	[150]	360	-243
Win	[220]	360	-288
Win	[140]	360	-234
Win	[170]	360	-273
Win	[140]	360	-231
Win	[210]	360	-270
Win	[220]	360	-306
Loss	[230]	315	-360
Win	[240]	360	-327
Win	[180]	360	-261
Win	[150]	360	-246
Win	[140]	360	-231
Win	[210]	360	-318
Win	[170]	360	-252
Loss	[200]	246	-360
Dogfall	250.0	357	-348
Win	[150]	360	-273
Win	[190]	360	-243
Loss	[180]	360	-360
Win	[170]	360	-276
Win	[140]	360	-261
Win	[160]	360	-276
Win	[160]	360	-249
Win	[170]	360	-270
Win	[140]	360	-237
Win	[160]	360	-258
Win	[170]	360	-273
Win	[150]	360	-255
Win	[150]	360	-246
Win	[150]	360	-252
Win	[160]	360	-255
Win	[170]	360	-294
Win	[140]	360	-231
Win	[170]	360	-294
Win	[140]	360	-252
Win	[180]	360	-300
Win	[170]	360	-324
Win	[150]	360	-267
Win	[180]	360	-291
Loss	[240]	282	-360
Win	[160]	360	-267
Win	[190]	360	-303
Loss	[220]	321	-360
Win	[190]	360	-324
Loss	[200]	360	-360
Loss	[160]	360	-360
Win	[160]	360	-306
Win	[170]	360	-297
Win	[170]	360	-306
Win	[150]	360	-276
Win	[170]	360	-282
Win	250.0	360	-333
Win	[160]	360	-294
Win	[140]	360	-249
Win	[140]	360	-252
Win	[160]	360	-282
Win	[190]	360	-306
Win	[150]	360	-285
Win	[160]	360	-276
Loss	[170]	360	-360
Win	[150]	360	-267
Loss	[200]	345	-360
Win	[190]	360	-285
Loss	[220]	321	-360
Win	[150]	360	-270
