Loss	[160]	360	-360
Win	[210]	360	-324
Win	[230]	360	-342
Loss	[180]	360	-360
Win	[170]	360	-282
Loss	[290]	360	-360
Loss	[190]	360	-360
Loss	[200]	360	-360
Loss	[190]	360	-360
Win	[220]	360	-327
Loss	[200]	360	-360
Loss	[180]	360	-360
Loss	[190]	360	-360
Loss	[170]	360	-360
Win	[200]	360	-300
Loss	[170]	360	-360
Loss	[170]	360	-360
Loss	[280]	360	-360
Loss	[240]	360	-360
Loss	[210]	360	-360
Win	[190]	360	-297
Win	[200]	360	-291
Win	[210]	360	-318
Loss	[200]	360	-360
Win	[250]	360	-342
Win	[260]	360	-348
Loss	[190]	360	-360
Win	[290]	360	-351
Win	[250]	360	-351
Win	[190]	360	-291
Win	[180]	360	-300
Loss	[220]	360	-360
Loss	[230]	360	-360
Loss	[200]	360	-360
Loss	[190]	360	-360
Loss	[230]	360	-360
Loss	[220]	360	-360
Win	[180]	360	-300
Win	[190]	360	-297
Win	[240]	360	-312
Win	[200]	360	-315
Loss	[220]	360	-360
Win	[280]	360	-357
Loss	[220]	360	-360
Loss	[190]	360	-360
Win	[200]	360	-297
Loss	[160]	360	-360
Win	[240]	360	-342
Loss	[200]	360	-360
Win	[260]	360	-345
Loss	[190]	360	-360
Win	[200]	360	-303
Win	[200]	360	-297
Loss	[250]	360	-360
Win	[240]	360	-333
Win	[280]	360	-357
Loss	[200]	360	-360
Loss	[220]	360	-360
Win	[180]	360	-288
Loss	[250]	360	-360
Loss	[230]	360	-360
Loss	[260]	360	-360
Win	[210]	360	-312
Win	[210]	360	-312
Loss	[230]	360	-360
Loss	[300]	360	-360
Win	[220]	360	-324
Loss	[210]	360	-360
Loss	[260]	360	-360
Loss	[190]	360	-360
Win	[210]	360	-306
Loss	[290]	360	-360
Win	[210]	360	-312
Win	[210]	360	-312
Win	[240]	360	-315
Win	[200]	360	-297
Loss	[280]	360	-360
Win	[200]	360	-321
Win	[270]	360	-351
Win	[280]	360	-345
Loss	[200]	360	-360
Win	[190]	360	-291
Loss	[230]	360	-360
Win	[210]	360	-309
Win	[290]	360	-345
Loss	[220]	360	-360
Loss	[240]	360	-360
Loss	[210]	360	-360
Win	[160]	360	-267
Win	[250]	360	-345
Win	[200]	360	-315
Win	[230]	360	-321
Win	[240]	360	-345
Loss	[210]	360	-360
Loss	[180]	360	-360
Win	[240]	360	-333
Win	[190]	360	-297
Win	[190]	360	-300
Loss	[180]	360	-360
Win	[230]	360	-324
Win	[230]	360	-342
Loss	[260]	360	-360
Win	[260]	360	-333
Loss	[200]	360	-360
Win	[240]	360	-348
Loss	[220]	360	-360
Win	[200]	360	-303
Win	[190]	360	-285
Loss	[190]	360	-360
Loss	[220]	360	-360
Loss	[240]	360	-360
Loss	[190]	360	-360
Win	[290]	360	-351
Loss	[200]	360	-360
Win	[230]	360	-354
Win	[220]	360	-336
Loss	[220]	360	-360
Win	[210]	360	-324
Loss	[170]	360	-360
Win	[170]	360	-276
Win	[170]	360	-285
Win	[240]	360	-336
Win	[240]	360	-336
Win	[210]	360	-315
Win	[200]	360	-309
Loss	[260]	360	-360
Loss	[230]	360	-360
Win	[200]	360	-297
Loss	[220]	360	-360
Loss	[210]	360	-360
Win	[180]	360	-270
Win	[240]	360	-339
Win	[220]	360	-306
Loss	[240]	360	-360
Loss	[190]	360	-360
Win	[180]	360	-276
Loss	[210]	360	-360
Win	[220]	360	-324
Loss	[190]	360	-360
Loss	[230]	360	-360
Loss	[200]	360	-360
Loss	[150]	360	-360
Win	[240]	360	-315
Loss	[270]	360	-360
Loss	[270]	360	-360
Win	[240]	360	-336
Win	[190]	360	-303
Win	[180]	360	-279
Win	[260]	360	-333
Win	[160]	360	-267
Loss	[280]	360	-360
Win	[260]	360	-333
Win	[280]	360	-345
Win	[230]	360	-324
Win	[250]	360	-339
Win	[200]	360	-306
Loss	[250]	360	-360
Win	[260]	360	-351
Win	[250]	360	-342
Loss	[250]	360	-360
Win	[200]	360	-291
Loss	[200]	360	-360
Win	[240]	360	-336
Loss	[180]	360	-360
Win	[220]	360	-318
Win	[200]	360	-309
Win	[260]	360	-339
Win	[240]	360	-330
Loss	[250]	360	-360
Loss	[210]	360	-360
Win	[210]	360	-315
Win	[270]	360	-345
Loss	[210]	360	-360
Loss	[270]	360	-360
Loss	[200]	360	-360
Win	[220]	360	-300
Win	[230]	360	-342
Win	[260]	360	-339
Loss	[260]	360	-360
Win	[290]	360	-351
Win	[240]	360	-324
Loss	[260]	360	-360
Win	[220]	360	-324
Loss	[200]	360	-360
Loss	[220]	360	-360
Win	[270]	360	-339
Win	[220]	360	-312
Loss	[200]	360	-360
Win	[240]	360	-354
Loss	[200]	360	-360
Win	[210]	360	-306
Loss	[190]	360	-360
Loss	[210]	360	-360
Win	[250]	360	-339
Loss	[230]	360	-360
Win	[200]	360	-303
Win	[200]	360	-300
Win	[220]	360	-351
Loss	[200]	360	-360
Win	[210]	360	-318
Win	[200]	360	-315
Loss	[230]	360	-360
Loss	[240]	360	-360
Loss	[190]	360	-360
Win	[240]	360	-330
Win	[230]	360	-321
Win	[250]	360	-333
Win	[210]	360	-306
Loss	[230]	360	-360
Loss	[240]	360	-360
Win	[220]	360	-324
Win	[260]	360	-351
Win	[210]	360	-327
Win	[220]	360	-306
Win	[280]	360	-351
Win	[240]	360	-330
Win	[200]	360	-294
Win	[170]	360	-279
Loss	[200]	360	-360
Loss	[220]	360	-360
Loss	[230]	360	-360
Loss	[260]	360	-360
Loss	[210]	360	-360
Win	[190]	360	-273
Win	[210]	360	-318
Win	[240]	360	-336
Win	[210]	360	-330
Win	[200]	360	-309
Loss	[220]	360	-360
Win	[210]	360	-312
Win	[190]	360	-291
Win	[200]	360	-303
Win	[180]	360	-288
Win	[200]	360	-309
Win	[290]	360	-357
Win	[180]	360	-282
Win	[250]	360	-327
Loss	[220]	360	-360
Loss	[250]	360	-360
Win	[210]	360	-306
Win	[210]	360	-324
Win	[210]	360	-306
Loss	[180]	360	-360
Win	[250]	360	-339
Win	[200]	360	-306
Win	[190]	360	-291
Win	[190]	360	-279
Win	[220]	360	-306
Win	[210]	360	-303
Loss	[210]	360	-360
Win	[170]	360	-294
Win	[280]	360	-357
Win	[200]	360	-291
Win	[190]	360	-291
Win	[220]	360	-312
Win	[250]	360	-327
Win	[230]	360	-327
Loss	[230]	360	-360
Loss	[230]	360	-360
Loss	[220]	360	-360
Win	[200]	360	-291
Loss	[230]	360	-360
Loss	[240]	360	-360
Win	[200]	360	-303
Win	[260]	360	-357
Loss	[220]	360	-360
Win	[240]	360	-342
Win	[200]	360	-309
Win	[180]	360	-288
Win	[210]	360	-306
Loss	[250]	360	-360
Win	[230]	360	-306
Loss	[250]	360	-360
Win	[240]	360	-327
Win	[220]	360	-327
Win	[220]	360	-336
Loss	[260]	360	-360
Win	[220]	360	-321
Win	[170]	360	-282
Loss	[290]	360	-360
Win	[250]	360	-327
Win	[240]	360	-336
Win	[200]	360	-312
Loss	[240]	360	-360
Loss	[200]	360	-360
Loss	[220]	360	-360
Loss	[250]	360	-360
Loss	[190]	360	-360
Win	[200]	360	-306
Win	[210]	360	-315
Win	[230]	360	-315
Loss	[220]	360	-360
Win	[230]	360	-324
Loss	[190]	360	-360
Loss	[220]	360	-360
Loss	[270]	360	-360
Loss	[250]	360	-360
Win	[230]	360	-324
Loss	[300]	360	-360
Loss	[240]	360	-360
Win	[200]	360	-285
Win	[220]	360	-306
Loss	[230]	360	-360
Win	[210]	360	-309
Loss	[200]	360	-360
Win	[210]	360	-309
Win	[200]	360	-303
Win	[240]	360	-336
Win	[220]	360	-306
Loss	[290]	360	-360
Loss	[190]	360	-360
Win	[220]	360	-330
Loss	[230]	360	-360
Win	[210]	360	-318
Loss	[220]	360	-360
Loss	[220]	360	-360
Loss	[220]	360	-360
Win	[180]	360	-288
Loss	[240]	360	-360
Win	[200]	360	-297
Win	[200]	360	-300
Win	[280]	360	-351
Win	[250]	360	-354
Win	[230]	360	-330
Win	[190]	360	-291
Loss	[260]	360	-360
Win	[230]	360	-315
Win	[220]	360	-345
Win	[190]	360	-285
Win	[220]	360	-315
Loss	[250]	360	-360
Loss	[210]	360	-360
Loss	[230]	360	-360
Win	[200]	360	-303
Win	[200]	360	-300
Loss	[220]	360	-360
Loss	[260]	360	-360
Win	[170]	360	-273
Win	[200]	360	-309
Win	[180]	360	-279
Win	[200]	360	-297
Win	[230]	360	-324
Win	[230]	360	-324
Win	[220]	360	-318
Win	[190]	360	-300
Win	[180]	360	-279
Win	[260]	360	-327
Loss	[210]	360	-360
Win	[210]	360	-315
Win	[160]	360	-288
Win	[250]	360	-351
Loss	[270]	360	-360
Win	[240]	360	-333
Win	[190]	360	-300
Win	[230]	360	-330
Win	[190]	360	-291
Win	[190]	360	-279
Loss	[210]	360	-360
Win	[280]	360	-351
Loss	[200]	360	-360
Win	[220]	360	-318
Win	[200]	360	-303
Win	[190]	360	-279
Win	[190]	360	-303
Loss	[250]	360	-360
Win	[190]	360	-300
Loss	[250]	360	-360
Win	[180]	360	-300
Win	[200]	360	-315
Win	[220]	360	-330
Win	[240]	360	-348
Loss	[270]	360	-360
Win	[210]	360	-306
Win	[170]	360	-276
Win	[180]	360	-300
Loss	[220]	360	-360
Loss	[200]	360	-360
Win	[280]	360	-345
Win	[220]	360	-324
Win	[210]	360	-300
Win	[200]	360	-297
Win	[220]	360	-312
Loss	[250]	360	-360
Win	[220]	360	-315
Win	[200]	360	-285
Win	[220]	360	-312
Win	[170]	360	-264
Win	[200]	360	-291
Win	[250]	360	-327
Win	[230]	360	-324
Win	[260]	360	-351
Win	[190]	360	-285
Win	[190]	360	-291
Win	[240]	360	-318
Loss	[200]	360	-360
Win	[200]	360	-285
Loss	[210]	360	-360
Win	[210]	360	-312
Loss	[220]	360	-360
Loss	[200]	360	-360
Loss	[280]	360	-360
Win	[270]	360	-339
Win	[200]	360	-294
Loss	[270]	360	-360
Win	[210]	360	-300
Win	[210]	360	-303
Win	[200]	360	-303
Win	[250]	360	-357
Win	[180]	360	-288
Loss	[250]	360	-360
Win	[210]	360	-300
Win	[240]	360	-333
Loss	[240]	360	-360
Win	[240]	360	-333
Loss	[260]	360	-360
Win	[220]	360	-312
Win	[170]	360	-294
Win	[180]	360	-285
Win	[220]	360	-324
Win	[230]	360	-318
Loss	[220]	360	-360
Win	[170]	360	-270
Win	[210]	360	-306
Win	[280]	360	-357
Win	[210]	360	-315
Loss	[240]	360	-360
Win	[220]	360	-312
Win	[160]	360	-270
Win	[240]	360	-336
Win	[250]	360	-321
Win	[260]	360	-348
Win	[210]	360	-315
Loss	[230]	360	-360
Loss	[210]	360	-360
Win	[170]	360	-294
Win	[210]	360	-306
Win	[190]	360	-297
Win	[280]	360	-345
Win	[210]	360	-309
Win	[220]	360	-315
Win	[240]	360	-342
Win	[210]	360	-318
Loss	[290]	360	-360
Win	[180]	360	-300
Win	[230]	360	-312
Loss	[270]	360	-360
Win	[250]	360	-327
Win	[200]	360	-288
Win	[230]	360	-318
Win	[180]	360	-294
Loss	[250]	360	-360
Win	[220]	360	-312
Loss	[300]	360	-360
Loss	[190]	360	-360
Loss	[230]	360	-360
Loss	[200]	360	-360
Loss	[200]	360	-360
Win	[240]	360	-324
Win	[190]	360	-297
Win	[230]	360	-318
Win	[250]	360	-333
Win	[190]	360	-300
Loss	[280]	360	-360
Win	[210]	360	-306
Win	[200]	360	-303
Win	[190]	360	-285
Loss	[290]	360	-360
Loss	[230]	360	-360
Win	[260]	360	-345
Win	[230]	360	-333
Loss	[220]	360	-360
Win	[200]	360	-291
Loss	[190]	360	-360
Win	[180]	360	-282
Win	[220]	360	-321
Win	[230]	360	-312
Win	[210]	360	-306
Win	[230]	360	-327
Win	[210]	360	-300
Win	[210]	360	-303
Win	[220]	360	-312
Win	[180]	360	-300
Win	[210]	360	-297
Win	[200]	360	-297
Win	[200]	360	-297
Win	[260]	360	-357
Win	[200]	360	-303
Loss	[270]	360	-360
Win	[250]	360	-327
Win	[220]	360	-312
Win	[200]	360	-291
Win	[210]	360	-306
Win	[220]	360	-324
Win	[180]	360	-288
Win	[210]	360	-303
Loss	[290]	360	-360
Win	[190]	360	-300
Win	[260]	360	-333
Win	[250]	360	-321