Win	[180]	90	-150
Loss	[180]	90	-180
Loss	[220]	54	-180
Loss	[190]	90	-180
Win	[190]	90	-150
Win	[230]	90	-156
Loss	[240]	81	-180
Loss	[170]	90	-180
Loss	[190]	90	-180
Win	[200]	90	-126
Loss	[170]	90	-180
Loss	[220]	18	-180
Loss	250	87	-180
Win	[160]	90	-117
Loss	[200]	75	-180
Win	[180]	90	-153
Win	[220]	90	-144
Win	[210]	90	-156
Win	[170]	90	-123
Loss	[240]	57	-180
Win	[150]	90	-114
Win	[160]	90	-123
Win	[210]	90	-150
Win	[220]	90	-162
Win	[160]	90	-123
Win	[170]	90	-132
Win	[150]	90	-99
Win	[180]	90	-144
Win	[150]	90	-111
Win	[160]	90	-117
Dogfall	250	87	-159
Win	[200]	90	-138
Win	[160]	90	-117
Win	[150]	90	-111
Win	[160]	90	-117
Win	[170]	90	-126
Win	[170]	90	-129
Win	[200]	90	-126
Win	[170]	90	-111
Win	[150]	90	-114
Win	[190]	90	-153
Win	[170]	90	-135
Win	[230]	90	-159
Win	[150]	90	-111
Win	[190]	90	-126
Win	[210]	90	-150
Win	[160]	90	-123
Loss	[230]	63	-180
Win	[180]	90	-120
Win	[160]	90	-123
Win	[150]	90	-120
Win	[160]	90	-117
Win	[210]	90	-147
Win	[160]	90	-117
Win	[190]	90	-138
Win	[190]	90	-120
Win	[140]	90	-114
Win	[140]	90	-102
Win	[160]	90	-123
Win	[170]	90	-129
Win	[160]	90	-117
Win	[230]	90	-144
Win	[160]	90	-129
Win	[180]	90	-132
Win	[240]	90	-165
Loss	[190]	90	-180
Win	[160]	90	-117
Win	[190]	90	-135
Win	[160]	90	-126
Win	[140]	90	-102
Win	[150]	90	-117
Win	[150]	90	-105
Win	[160]	90	-117
Win	[150]	90	-108
Win	[140]	90	-102
Win	[170]	90	-135
Win	[150]	90	-114
Win	[180]	90	-135
Win	[170]	90	-105
Win	[160]	90	-111
Win	[140]	90	-93
Win	[160]	90	-114
Win	[170]	90	-129
Win	[170]	90	-141
Win	[150]	90	-111
Win	[150]	90	-108
Loss	[190]	90	-180
Win	[160]	90	-105
Win	[190]	90	-114
Win	[170]	90	-132
Win	[180]	90	-117
Win	[140]	90	-102
Win	[150]	90	-108
Win	[160]	90	-117
Win	[220]	90	-138
Win	[140]	90	-99
Win	[180]	90	-123
Win	[200]	90	-126
Win	[210]	90	-150
Win	[180]	90	-108
Win	[210]	90	-147
Win	[150]	90	-114
Win	[220]	90	-162
Loss	[190]	90	-180
Win	[190]	90	-129
Win	[170]	90	-123
Win	[190]	90	-132
Win	[230]	90	-135
Win	[170]	90	-135
Win	[180]	90	-114
Win	[210]	90	-150
Win	[180]	90	-141
Win	[130]	90	-96
Loss	[180]	90	-180
Win	[210]	90	-147
Loss	[200]	90	-180
Loss	[180]	90	-180
Win	250	90	-174
Win	[170]	90	-132
Win	[220]	90	-150
Win	[190]	90	-114
Win	[180]	90	-138
Win	[160]	90	-123
Win	[160]	90	-135
Win	[170]	90	-141
Win	[180]	90	-138
Win	[140]	90	-123
Win	[150]	90	-129
Dogfall	250	87	-177
Win	[220]	90	-135
Dogfall	250	87	-144
Win	[230]	90	-171
Win	[190]	90	-141
Win	[170]	90	-123
Win	[170]	90	-111
Win	[160]	90	-111
Loss	[170]	90	-180
Win	[160]	90	-126
Win	[200]	90	-144
Dogfall	250	87	-171
Win	250	90	-177
Dogfall	250	87	-177
Loss	250	42	-180
Dogfall	250	69	-156
Win	[190]	90	-117
Win	[180]	90	-126
Loss	[190]	90	-180
Win	[230]	90	-144
Win	[210]	90	-144
Dogfall	250	69	-159
Loss	[200]	90	-180
Win	[230]	90	-147
Win	[220]	90	-129
Loss	[240]	30	-180
Win	[220]	90	-138
Dogfall	250	75	-138
Dogfall	250	57	-177
Dogfall	250	81	-129
Loss	[200]	90	-180
Loss	[200]	90	-180
Win	[220]	90	-150
Dogfall	250	69	-168
Win	[190]	90	-138
Win	[190]	90	-138
Loss	[160]	90	-180
Win	[160]	90	-123
Win	[210]	90	-126
Win	[190]	90	-117
Win	[190]	90	-108
Win	[180]	90	-114
Loss	250	75	-180
Win	[180]	90	-129
Win	[200]	90	-132
Win	[150]	90	-123
Loss	[240]	87	-180
Win	[160]	90	-114
Win	[160]	90	-111
Loss	[170]	90	-180
Win	[160]	90	-111
Win	[190]	90	-132
Win	[150]	90	-126
Win	[190]	90	-117
Win	[160]	90	-129
Win	[180]	90	-132
Dogfall	250	75	-156
Win	[150]	90	-117
Dogfall	250	69	-138
Win	[170]	90	-126
Win	[140]	90	-105
Win	[160]	90	-111
Win	[160]	90	-117
Win	[150]	90	-99
Dogfall	250	87	-171
Dogfall	250	87	-159
Win	[160]	90	-123
Win	[180]	90	-141
Win	[140]	90	-111
Win	[200]	90	-153
Win	[180]	90	-144
Win	[190]	90	-156
Win	[170]	90	-129
Loss	[240]	15	-180
Win	[190]	90	-114
Win	[160]	90	-129
Dogfall	250	-21	-114
Dogfall	250	90	0
Dogfall	250	45	0
Dogfall	250	-33	-102
Win	[190]	90	-150
Win	[220]	90	-132
Loss	[180]	90	-180
Win	[190]	90	-123
Win	[240]	90	-135
Win	[150]	90	-111
Dogfall	250	81	-120
Dogfall	250	90	0
Dogfall	250	69	-165
Dogfall	250	-90	-6
Win	[210]	90	-129
Dogfall	250	90	0
Win	[230]	90	-132
Dogfall	250	75	-129
Dogfall	250	90	0
Dogfall	250	-90	-6
Loss	[210]	81	-180
Win	[150]	90	-114
Dogfall	250	90	0
Win	[160]	90	-111
Win	[180]	90	-108
Dogfall	250	90	0
Win	[240]	90	-171
Loss	[240]	69	-180
Win	[190]	90	-147
Win	[190]	90	-144
Win	[200]	90	-141
Win	[160]	90	-111
Loss	250	87	-180
Win	[140]	90	-117
Win	[210]	90	-150
Win	[230]	90	-144
Win	[230]	90	-150
Loss	[200]	63	-180
Loss	250	18	-180
Loss	[190]	90	-180
Loss	[240]	18	-180
Win	[150]	90	-108
Loss	[180]	90	-180
Loss	[200]	90	-180
Dogfall	250	90	0
Dogfall	250	90	0
Dogfall	250	90	0
Dogfall	250	90	0
Dogfall	250	90	0
Win	[180]	90	-126
Dogfall	250	36	-153
Dogfall	250	90	0
Dogfall	250	36	-177
Dogfall	250	90	0
Loss	250	9	-180
Dogfall	250	90	0
Dogfall	250	6	-90
Loss	[170]	90	-180
Dogfall	250	90	0
Dogfall	250	90	0
Dogfall	250	87	-159
Dogfall	250	90	0
Dogfall	250	90	0
Win	[200]	90	-159
Win	[140]	90	-105
Dogfall	250	90	0
Dogfall	250	90	0
Dogfall	250	90	0
Dogfall	250	90	0
Dogfall	250	90	0
Dogfall	250	90	0
Dogfall	250	90	0
Dogfall	250	90	0
Dogfall	250	90	0
Dogfall	250	90	0
Loss	[230]	63	-180
Loss	[220]	54	-180
Dogfall	250	90	0
Dogfall	250	90	0
Dogfall	250	45	0
Dogfall	250	90	0
Dogfall	250	90	0
Loss	[210]	45	-180
Win	[210]	90	-150
Dogfall	250	90	0
Win	250	90	-138
Dogfall	250	90	0
Dogfall	250	90	0
Dogfall	250	87	-153
Dogfall	250	90	0
Win	[210]	90	-129
Dogfall	250	90	0
Dogfall	250	90	0
Dogfall	250	90	0
Dogfall	250	90	0
Loss	250	18	-180
Win	[170]	90	-105
Win	[180]	90	-138
Dogfall	250	90	0
Dogfall	250	90	0
Win	[200]	90	-144
Win	[230]	90	-168
Dogfall	250	90	0
Win	[170]	90	-132
Win	[160]	90	-111
Win	250	90	-144
Dogfall	250	90	0
Dogfall	250	90	0
Dogfall	250	90	0
Loss	[210]	6	-180
Dogfall	250	75	-138
Win	[210]	90	-132
Dogfall	250	90	0
Dogfall	250	90	0
Dogfall	250	90	0
Dogfall	250	90	0
Dogfall	250	90	0
Dogfall	250	90	0
Dogfall	250	90	0
Dogfall	250	90	0
Win	[240]	90	-138
Dogfall	250	90	0
Dogfall	250	90	-60
Win	[160]	90	-108
Dogfall	250	90	0
Dogfall	250	90	0
Win	[210]	90	-141
Dogfall	250	90	0
Win	[190]	90	-147
Win	[170]	90	-132
Loss	[200]	90	-180
Win	[200]	90	-126
Win	[160]	90	-129
Win	[180]	90	-138
Win	[190]	90	-162
Loss	[210]	90	-180
Dogfall	250	90	0
Dogfall	250	90	0
Dogfall	250	90	0
Dogfall	250	51	-165
Dogfall	250	90	0
Win	[170]	90	-123
Loss	[160]	90	-180
Win	[220]	90	-141
Win	[240]	90	-153
Win	[200]	90	-144
Loss	[220]	72	-180
Win	[180]	90	-120
Win	[210]	90	-129
Dogfall	250	81	-147
Win	[150]	90	-117
Win	[160]	90	-126
Win	[230]	90	-138
Win	[150]	90	-117
Dogfall	250	87	-171
Win	[170]	90	-132
Win	[180]	90	-135
Win	[190]	90	-153
Win	[190]	90	-126
Win	[150]	90	-123
Win	[210]	90	-156
Win	[190]	90	-150
Win	[160]	90	-129
Win	[160]	90	-117
Win	[170]	90	-123
Win	[160]	90	-135
Win	[210]	90	-132
Win	[240]	90	-135
Win	[180]	90	-114
Win	[210]	90	-132
Win	[190]	90	-132
Win	[200]	90	-114
Win	[170]	90	-129
Win	[200]	90	-117
Win	[230]	90	-171
Loss	[230]	87	-180
Loss	[240]	57	-180
Win	[220]	90	-153
Win	[160]	90	-129
Win	[160]	90	-111
Dogfall	250	87	-135
Loss	[200]	81	-180
Win	[170]	90	-135
Dogfall	250	75	-153
Win	[180]	90	-132
Win	[150]	90	-117
Win	[190]	90	-114
Win	[170]	90	-147
Dogfall	250	81	-165
Win	[240]	90	-171
Dogfall	250	75	-162
Win	250	90	-159
Win	[170]	90	-153
Loss	[210]	87	-180
Win	[180]	90	-138
Win	[200]	90	-153
Win	[150]	90	-123
Win	[230]	90	-174
Win	[170]	90	-126
Dogfall	250	87	-159
Win	[210]	90	-168
Win	[190]	90	-150
Win	[230]	90	-177
Win	[160]	90	-129
Win	[200]	90	-147
Win	[210]	90	-162
Win	[180]	90	-129
Win	[190]	90	-144
Win	[180]	90	-132
Win	[170]	90	-135
Loss	[230]	63	-180
Win	[180]	90	-135
Win	[180]	90	-144
Win	[160]	90	-135
Win	[170]	90	-138
Loss	[200]	90	-180
Win	[200]	90	-156
Win	[200]	90	-129
Dogfall	250	75	-171
Win	[150]	90	-111
Loss	[220]	66	-180
Win	[190]	90	-150
Win	[210]	90	-156
Win	[160]	90	-129
Win	[200]	90	-156
Win	[170]	90	-135
Win	250	90	-165
Win	[170]	90	-129
Win	[190]	90	-144
Win	[180]	90	-129
Loss	[230]	72	-180
Win	[190]	90	-165
Win	[190]	90	-159
Dogfall	250	81	-171
Win	[200]	90	-141
Loss	[220]	81	-180
Win	[180]	90	-126
Win	[180]	90	-138
Win	[160]	90	-132
Dogfall	250	81	-135
Win	[180]	90	-138
Win	[180]	90	-141
Win	[170]	90	-132
Dogfall	250	87	-171
Win	[170]	90	-129
Win	[150]	90	-123
Win	[160]	90	-120
Win	[160]	90	-129
Dogfall	250	87	-165
Win	[180]	90	-126
Win	[140]	90	-117
Win	[200]	90	-159
Win	[160]	90	-117
Win	[160]	90	-129
Win	[180]	90	-132
Win	[200]	90	-144
Win	[170]	90	-132
Win	[150]	90	-123
Win	[200]	90	-147
Loss	[230]	87	-180
Win	[170]	90	-129
Win	[160]	90	-117
Win	[170]	90	-132
Win	[170]	90	-123
Win	[230]	90	-162
Dogfall	250	75	-162
Dogfall	250	87	-171
Win	[220]	90	-144
Win	[210]	90	-132
Win	[240]	90	-135
Win	[170]	90	-120
Dogfall	250	87	-165
Win	250	90	-129
Win	[210]	90	-159
Win	[180]	90	-141
Win	[230]	90	-171
Win	[170]	90	-138
Win	[190]	90	-147
Win	[180]	90	-147
Win	[150]	90	-129
Win	[170]	90	-123
Win	[200]	90	-138
Win	[210]	90	-147
Win	[190]	90	-114
Loss	[230]	84	-180
Win	[160]	90	-129
Win	[210]	90	-150
Win	[220]	90	-150
Win	[210]	90	-144
Win	[150]	90	-129
Win	[160]	90	-129
Win	[160]	90	-126
Win	[180]	90	-138
Win	[140]	90	-126
Win	[170]	90	-135
Win	[180]	90	-135
