Loss	[240]	140	-180
Dogfall	300	139	-105
Win	[260]	140	-45
Win	[180]	140	-60
Win	[220]	140	-75
Win	[180]	140	-55
Win	[220]	140	-80
Win	[220]	140	-65
Win	[220]	140	-90
Win	[200]	140	-60
Win	[180]	140	-55
Win	[180]	140	-25
Win	[180]	140	-30
Win	[180]	140	-25
Win	[200]	140	-70
Win	[180]	140	-70
Win	[180]	140	-30
Win	[180]	140	-30
Win	[180]	140	-25
Win	[200]	140	-40
Win	[180]	140	-20
Win	[220]	140	-45
Win	[160]	140	-50
Win	[180]	140	-55
Win	[180]	140	-75
Win	[240]	140	-70
Win	[240]	140	-85
Win	[180]	140	-60
Win	[200]	140	-60
Win	[220]	140	-75
Loss	300	121	-180
Win	[180]	140	-30
Win	[180]	140	-55
Win	[200]	140	-45
Win	[280]	140	-135
Win	[180]	140	-70
Win	[180]	140	-25
Win	[240]	140	-100
Win	[180]	140	-60
Win	[180]	140	-25
Win	[180]	140	-30
Win	[220]	140	-80
Win	[180]	140	-60
Win	[220]	140	-75
Win	[200]	140	-105
Win	[200]	140	-70
Win	[180]	140	-60
Win	[220]	140	-75
Win	[180]	140	-75
Win	[200]	140	-70
Win	[180]	140	-60
Win	[200]	140	-70
Win	[200]	140	-70
Win	[220]	140	-80
Win	[200]	140	-50
Win	[200]	140	-65
Win	[200]	140	-70
Win	[200]	140	-60
Win	[200]	140	-70
Win	[180]	140	-65
Win	[180]	140	-65
Win	[180]	140	-75
Win	[200]	140	-70
Win	[200]	140	-75
Win	[240]	140	-80
Win	[200]	140	-65
Win	[200]	140	-60
Win	[240]	140	-100
Win	[220]	140	-60
Win	[180]	140	-65
Win	[200]	140	-30
Win	[200]	140	-65
Win	[200]	140	-70
Win	[200]	140	-55
Win	[180]	140	-75
Win	[180]	140	-55
Win	[200]	140	-65
Win	[180]	140	-75
Win	[240]	140	-100
Win	[220]	140	-90
Win	[180]	140	-75
Win	[180]	140	-55
Win	[200]	140	-70
Win	[200]	140	-65
Win	[200]	140	-75
Win	[220]	140	-80
Win	[180]	140	-60
Win	[220]	140	-65
Win	[200]	140	-90
Win	[220]	140	-75
Win	[220]	140	-70
Win	[200]	140	-65
Win	[200]	140	-60
Win	[200]	140	-85
Win	[240]	140	-100
Win	[200]	140	-70
Win	[180]	140	-65
Win	[220]	140	-90
Win	[220]	140	-65
Win	[180]	140	-60
Win	[200]	140	-70
Win	[220]	140	-105
Win	[240]	140	-75
Win	[180]	140	-60
Win	[180]	140	-65
Win	[180]	140	-60
Win	[200]	140	-60
Win	[180]	140	-25
Win	[180]	140	-65
Win	[280]	140	-115
Win	[280]	140	-125
Win	[200]	140	-65
Win	[200]	140	-70
Win	[280]	140	-110
Win	[200]	140	-70
Win	[200]	140	-65
Win	[180]	140	-80
Win	[200]	140	-75
Win	[260]	140	-100
Win	[200]	140	-75
Win	[200]	140	-85
Win	[200]	140	-65
Win	[200]	140	-70
Win	[200]	140	-75
Win	[180]	140	-60
Win	[180]	140	-90
Win	[180]	140	-25
Win	[220]	140	-65
Win	[180]	140	-60
Win	[180]	140	-25
Win	[200]	140	-55
Win	[160]	140	-55
Win	[180]	140	-55
Win	[200]	140	-75
Win	[180]	140	-25
Win	[220]	140	-70
Win	[200]	140	-65
Win	[220]	140	-65
Dogfall	300	140	-5
Win	300	140	-175
Win	[160]	140	-40
Win	[180]	140	-25
Win	[180]	140	-60
Win	[260]	140	-90
Win	[180]	140	-55
Win	[160]	140	-20
Win	[180]	140	-25
Win	[180]	140	-25
Win	[260]	140	-20
Win	[180]	140	-60
Win	[180]	140	-55
Win	[200]	140	-100
Win	[180]	140	-30
Win	[180]	140	-60
Win	[200]	140	-80
Win	[180]	140	-30
Win	[200]	140	-80
Win	[240]	140	-90
Win	[200]	140	-65
Win	[240]	140	-120
Win	[180]	140	-25
Win	[200]	140	-90
Win	[220]	140	-70
Win	[220]	140	-75
Win	[180]	140	-25
Win	[200]	140	-65
Win	[220]	140	-75
Win	[180]	140	-65
Win	[200]	140	-60
Win	[180]	140	-100
Win	[160]	140	-50
Win	[220]	140	-105
Win	[200]	140	-105
Win	[280]	140	-40
Win	[220]	140	-85
Win	[200]	140	-65
Win	[180]	140	-65
Win	[220]	140	-105
Win	[260]	140	-30
Win	[180]	140	-70
Win	[200]	140	-65
Win	[180]	140	-25
Win	[200]	140	-40
Win	[180]	140	-25
Win	[160]	140	-65
Win	[140]	140	-30
Win	[180]	140	-80
Win	[180]	140	-25
Win	[220]	140	-70
Win	[180]	140	-25
Win	300	140	-50
Win	[200]	140	-85
Win	[180]	140	-65
Win	[180]	140	-25
Win	[200]	140	-65
Win	[180]	140	-65
Dogfall	300	140	-5
Win	[220]	140	-75
Win	[180]	140	-25
Win	[180]	140	-25
Win	[180]	140	-25
Win	[180]	140	-25
Win	[180]	140	-55
Win	[180]	140	-25
Win	[180]	140	-25
Win	[180]	140	-25
Win	[180]	140	-25
Win	[180]	140	-25
Win	[200]	140	-40
Win	[180]	140	-30
Win	[180]	140	-25
Win	[180]	140	-75
Win	[200]	140	-70
Win	[180]	140	-25
Win	[240]	140	-75
Win	[200]	140	-70
Win	[200]	140	-75
Win	[180]	140	-55
Win	[220]	140	-85
Win	[180]	140	-65
Win	[180]	140	-25
Win	[180]	140	-25
Win	[180]	140	-30
Win	[180]	140	-25
Win	[200]	140	-50
Win	[180]	140	-65
Win	[260]	140	-20
Win	[200]	140	-65
Win	[180]	140	-50
Win	[200]	140	-60
Win	[180]	140	-60
Win	[180]	140	-60
Win	[200]	140	-55
Win	[220]	140	-85
Win	[180]	140	-25
Win	[180]	140	-55
Win	[200]	140	-60
Win	[160]	140	-105
Win	[220]	140	-80
Win	[200]	140	-70
Win	[180]	140	-60
Win	[220]	140	-75
Win	[220]	140	-70
Win	[200]	140	-60
Win	[200]	140	-65
Win	[180]	140	-65
Win	[180]	140	-65
Win	[200]	140	-70
Win	[180]	140	-65
Win	[220]	140	-60
Win	[180]	140	-60
Win	[180]	140	-55
Win	[180]	140	-55
Win	[240]	140	-90
Win	[200]	140	-55
Win	[200]	140	-70
Win	[180]	140	-65
Win	[180]	140	-65
Win	[220]	140	-90
Win	[180]	140	-100
Win	[220]	140	-105
Win	[180]	140	-55
Win	[220]	140	-65
Win	[180]	140	-50
Win	[180]	140	-70
Win	[220]	140	-75
Win	[180]	140	-55
Win	[200]	140	-65
Win	[220]	140	-75
Win	[240]	140	-105
Win	[200]	140	-80
Win	[200]	140	-75
Win	[240]	140	-80
Win	[180]	140	-55
Win	300	140	-130
Win	[240]	140	-75
Win	[180]	140	-80
Win	[200]	140	-70
Win	[180]	140	-50
Win	[200]	140	-55
Win	[220]	140	-65
Win	[220]	140	-95
Win	[220]	140	-75
Win	[200]	140	-75
Win	[220]	140	-70
Win	[180]	140	-60
Win	[180]	140	-65
Win	[180]	140	-70
Win	[220]	140	-100
Win	[180]	140	-65
Win	[200]	140	-70
Win	[200]	140	-25
Win	[200]	140	-75
Win	[200]	140	-70
Win	[200]	140	-50
Win	[200]	140	-50
Win	[180]	140	-65
Win	[180]	140	-70
Win	[180]	140	-95
Win	[160]	140	-45
Win	[180]	140	-35
Win	[200]	140	-70
Win	[200]	140	-65
Win	[180]	140	-60
Win	[200]	140	-80
Win	[180]	140	-60
Win	[180]	140	-60
Win	[240]	140	-75
Win	[180]	140	-60
Win	[180]	140	-60
Win	[180]	140	-70
Win	[180]	140	-60
Win	[220]	140	-80
Win	[180]	140	-60
Win	[220]	140	-75
Win	[200]	140	-60
Win	[180]	140	-80
Win	[200]	140	-120
Win	[200]	140	-65
Win	[180]	140	-115
Win	[180]	140	-55
Win	[180]	140	-70
Win	[180]	140	-65
Win	[180]	140	-60
Win	[180]	140	-70
Win	[180]	140	-25
Win	[180]	140	-60
Win	[200]	140	-60
Win	[200]	140	-65
Win	[180]	140	-65
Win	[220]	140	-80
Win	[180]	140	-55
Win	[200]	140	-55
Win	[200]	140	-65
Win	[240]	140	-70
Win	[220]	140	-95
Win	[180]	140	-90
Win	[180]	140	-25
Win	[200]	140	-55
Win	[200]	140	-70
Win	[220]	140	-75
Win	[180]	140	-60
Win	[200]	140	-70
Win	[180]	140	-60
Win	[180]	140	-60
Win	[200]	140	-105
Win	[200]	140	-70
Win	[180]	140	-65
Win	[200]	140	-65
Win	[220]	140	-70
Win	[220]	140	-60
Win	[240]	140	-75
Win	[200]	140	-80
Win	[180]	140	-95
Win	[200]	140	-100
Win	[220]	140	-100
Win	[280]	140	-120
Win	[200]	140	-100
Win	[220]	140	-110
Win	[180]	140	-100
Win	[200]	140	-100
Win	[200]	140	-110
Win	[200]	140	-25
Win	[200]	140	-70
Win	[220]	140	-60
Win	[200]	140	-95
Win	[160]	140	-50
Win	[200]	140	-75
Win	[180]	140	-35
Win	[200]	140	-70
Win	[180]	140	-65
Win	[200]	140	-65
Win	[180]	140	-65
Win	[200]	140	-75
Win	[180]	140	-70
Win	[200]	140	-70
Win	[200]	140	-70
Win	[180]	140	-25
Win	[220]	140	-75
Win	[200]	140	-70
Win	[200]	140	-65
Win	[200]	140	-60
Win	[200]	140	-70
Win	[180]	140	-25
Win	[220]	140	-65
Win	[200]	140	-70
Win	[160]	140	-60
Win	[240]	140	-65
Win	[220]	140	-90
Win	[180]	140	-30
Win	[200]	140	-65
Win	[200]	140	-75
Win	[220]	140	-90
Win	[180]	140	-35
Win	[180]	140	-55
Win	[200]	140	-75
Win	[180]	140	-55
Win	[180]	140	-90
Win	[180]	140	-60
Win	[220]	140	-80
Win	[180]	140	-55
Win	[180]	140	-60
Win	[200]	140	-115
Win	[180]	140	-60
Win	[200]	140	-75
Win	[200]	140	-60
Win	[200]	140	-75
Win	[220]	140	-70
Win	[240]	140	-75
Win	[200]	140	-60
Win	[180]	140	-95
Win	[160]	140	-60
Win	[200]	140	-70
Win	[200]	140	-65
Win	[180]	140	-70
Win	[200]	140	-80
Win	[180]	140	-25
Win	[200]	140	-105
Win	[220]	140	-75
Win	[220]	140	-75
Win	[200]	140	-95
Win	[180]	140	-85
Win	[200]	140	-100
Win	[200]	140	-95
Win	[220]	140	-120
Win	[180]	140	-85
Win	[200]	140	-100
Win	[200]	140	-100
Win	[180]	140	-60
Win	[200]	140	-90
Win	[200]	140	-120
Win	[220]	140	-100
Win	[180]	140	-95
Win	[200]	140	-105
Win	[200]	140	-105
Win	[200]	140	-100
Win	[180]	140	-25
Win	[180]	140	-60
Win	[180]	140	-65
Win	[200]	140	-80
Win	[240]	140	-85
Win	[180]	140	-30
Win	[200]	140	-55
Win	[180]	140	-55
Win	[200]	140	-80
Win	[180]	140	-60
Win	[180]	140	-55
Win	[220]	140	-70
Win	[200]	140	-65
Win	[200]	140	-90
Win	[220]	140	-80
Win	[180]	140	-70
Win	[180]	140	-25
Win	[220]	140	-90
Win	[180]	140	-65
Win	[200]	140	-60
Win	[180]	140	-70
Win	[180]	140	-65
Win	[260]	140	-85
Win	[220]	140	-70
Win	[200]	140	-65
Win	[200]	140	-80
Win	[200]	140	-70
Win	[180]	140	-55
Win	[180]	140	-55
Win	[180]	140	-60
Win	[200]	140	-70
Win	[180]	140	-60
Win	[220]	140	-95
Win	[200]	140	-75
Win	[180]	140	-60
Win	[180]	140	-55
Win	[260]	140	-115
Win	[200]	140	-60
Win	[220]	140	-70
Win	[200]	140	-85
Win	[200]	140	-70
Win	[220]	140	-135
Win	[200]	140	-70
Win	[180]	140	-60
Win	[180]	140	-60
Win	[200]	140	-80
Win	300	140	-130
Win	[200]	140	-60
Win	[180]	140	-25
Win	[180]	140	-65
Win	[180]	140	-60
Win	[200]	140	-50
Win	[200]	140	-65
Win	[220]	140	-55
Win	[180]	140	-60
Win	[200]	140	-70
Win	[180]	140	-65
Win	[220]	140	-80
Win	[200]	140	-65
Win	[240]	140	-100
Win	[180]	140	-50
Win	[220]	140	-80
Win	[180]	140	-60
Win	[200]	140	-60
