0.00 0.00 0.00 0.00 0.00 0.00 0.00 0.00 0.00 0.00 0.00 0.00
0.00 0.00 0.00 0.00 0.00 0.00 0.00 0.00 0.00 0.00 0.00 0.00
0.00 0.00 -1.00 -3.00 -3.00 -3.00 -3.00 -3.00 -3.00 -2.00 0.00 0.00
0.00 0.00 -1.00 -7.00 -15.00 -15.00 -15.00 -15.00 -11.00 -2.00 0.00 0.00
0.00 0.00 -1.00 -8.00 -25.00 -43.00 -43.00 -34.00 -12.00 -3.00 0.00 0.00
0.00 0.00 -1.00 -8.00 -4.00 -49.00 -51.00 -38.00 -16.00 -3.00 0.00 0.00
0.00 0.00 -1.00 -8.00 -29.00 -31.00 -56.00 -47.00 -16.00 -3.00 0.00 0.00
0.00 0.00 -1.00 -8.00 -20.00 -29.00 -31.00 -29.00 -16.00 -3.00 0.00 0.00
0.00 0.00 -1.00 -4.00 -8.00 8.00 8.00 -17.00 -8.00 -3.00 0.00 0.00
0.00 0.00 0.00 -1.00 -5.00 -5.00 -5.00 -5.00 -5.00 -1.00 0.00 0.00
0.00 0.00 0.00 -1.00 -1.00 -1.00 -1.00 -1.00 -1.00 -1.00 0.00 0.00
0.00 0.00 0.00 0.00 0.00 0.00 0.00 0.00 0.00 0.00 0.00 0.00
0.00 0.00 0.00 0.00 0.00 0.00 0.00 0.00 0.00 0.00 0.00 0.00
