0.00 0.00 0.00 0.00 0.00 0.00 0.00 0.00 0.00 0.00 0.00 0.00 0.00
0.00 0.00 0.00 0.00 0.00 0.00 0.00 0.00 0.00 0.00 0.00 0.00 0.00
0.00 0.00 0.00 -1.00 -1.00 -1.00 -1.00 -1.00 -1.00 -1.00 0.00 0.00 0.00
0.00 0.00 0.00 -1.00 -5.00 -5.00 -5.00 -5.00 -5.00 -1.00 0.00 0.00 0.00
0.00 0.00 0.00 -1.00 -5.00 -14.00 -14.00 -14.00 -5.00 -1.00 0.00 0.00 0.00
0.00 0.00 0.00 -2.00 18.00 -16.00 -18.00 -16.00 -7.00 -3.00 -1.00 0.00 0.00
0.00 0.00 -1.00 -3.00 13.00 -25.00 -25.00 -25.00 -16.00 -7.00 -1.00 0.00 0.00
0.00 0.00 -1.00 -7.00 -16.00 -29.00 -38.00 -38.00 -25.00 -7.00 -1.00 0.00 0.00
0.00 0.00 -1.00 -7.00 -21.00 -34.00 -45.00 -36.00 -21.00 -7.00 -1.00 0.00 0.00
0.00 0.00 -1.00 -6.00 -20.00 -35.00 -42.00 -33.00 -20.00 -6.00 -1.00 0.00 0.00
0.00 0.00 -1.00 -6.00 5.00 1.00 -24.00 -15.00 -11.00 -6.00 -1.00 0.00 0.00
0.00 0.00 -1.00 -6.00 -7.00 -7.00 -7.00 -7.00 -3.00 -2.00 -1.00 0.00 0.00
0.00 0.00 -1.00 -1.00 -1.00 -1.00 -1.00 -1.00 -1.00 0.00 0.00 0.00 0.00
0.00 0.00 0.00 0.00 0.00 0.00 0.00 0.00 0.00 0.00 0.00 0.00 0.00
0.00 0.00 0.00 0.00 0.00 0.00 0.00 0.00 0.00 0.00 0.00 0.00 0.00
