0.00 0.00 0.00 0.00 0.00 0.00 0.00 0.00 0.00 0.00 0.00 0.00 0.00 0.00 0.00 0.00 0.00 0.00 0.00
0.00 0.00 0.00 0.00 0.00 0.00 0.00 0.00 0.00 0.00 0.00 0.00 0.00 0.00 0.00 0.00 0.00 0.00 0.00
0.00 0.00 25.00 0.00 0.00 0.00 0.00 0.00 0.00 0.00 0.00 0.00 0.00 0.00 0.00 0.00 0.00 0.00 0.00
0.00 0.00 0.00 25.00 0.00 0.00 0.00 0.00 0.00 0.00 0.00 0.00 0.00 0.00 0.00 0.00 0.00 0.00 0.00
0.00 0.00 0.00 0.00 0.00 0.00 0.00 -1.00 -1.00 -1.00 -1.00 -1.00 -1.00 -1.00 0.00 0.00 0.00 0.00 0.00
0.00 0.00 0.00 0.00 0.00 0.00 0.00 -1.00 -5.00 -5.00 -5.00 -5.00 -5.00 -1.00 0.00 0.00 0.00 0.00 0.00
0.00 0.00 0.00 0.00 0.00 0.00 0.00 -1.00 -6.00 -15.00 -16.00 -16.00 -7.00 -3.00 -2.00 -1.00 -1.00 0.00 0.00
0.00 0.00 0.00 0.00 0.00 0.00 0.00 -1.00 -6.00 -19.00 -22.00 -24.00 -15.00 -11.00 -6.00 -5.00 -1.00 0.00 0.00
0.00 0.00 0.00 0.00 0.00 0.00 0.00 -1.00 -7.00 -20.00 -30.00 -34.00 -34.00 -21.00 -16.00 -5.00 -1.00 0.00 0.00
0.00 0.00 0.00 0.00 0.00 0.00 0.00 -1.00 -7.00 -15.00 -25.00 -31.00 -38.00 -27.00 -16.00 -5.00 -1.00 0.00 0.00
0.00 0.00 0.00 0.00 0.00 0.00 0.00 -1.00 -3.00 -11.00 -30.00 -34.00 -43.00 -25.00 -16.00 -5.00 -1.00 0.00 0.00
0.00 0.00 0.00 0.00 0.00 0.00 0.00 0.00 -2.00 -10.00 -20.00 -26.00 -24.00 -15.00 -7.00 -5.00 -1.00 0.00 0.00
0.00 0.00 0.00 0.00 0.00 0.00 0.00 0.00 -2.00 -6.00 -16.00 -16.00 -16.00 -7.00 -3.00 -1.00 -1.00 0.00 0.00
0.00 0.00 0.00 0.00 0.00 0.00 0.00 0.00 -1.00 -5.00 -5.00 -5.00 -5.00 -5.00 -1.00 0.00 0.00 0.00 0.00
0.00 0.00 0.00 0.00 25.00 0.00 0.00 0.00 -1.00 -1.00 -1.00 -1.00 -1.00 -1.00 -1.00 0.00 0.00 0.00 0.00
0.00 0.00 25.00 0.00 0.00 0.00 0.00 0.00 0.00 0.00 0.00 0.00 0.00 0.00 0.00 0.00 0.00 0.00 0.00
0.00 0.00 0.00 0.00 0.00 0.00 0.00 0.00 0.00 0.00 0.00 0.00 0.00 0.00 0.00 0.00 0.00 0.00 0.00
0.00 0.00 0.00 0.00 0.00 0.00 0.00 0.00 0.00 0.00 0.00 0.00 0.00 0.00 0.00 0.00 0.00 0.00 0.00
