0.00 0.00 0.00 0.00 0.00 0.00 0.00 0.00 0.00 0.00 0.00 0.00 0.00
0.00 0.00 0.00 0.00 0.00 0.00 0.00 0.00 0.00 0.00 0.00 0.00 0.00
0.00 0.00 -1.00 -1.00 -1.00 -1.00 -1.00 -1.00 -1.00 0.00 0.00 0.00 0.00
0.00 0.00 -1.00 -5.00 -5.00 -5.00 -5.00 -5.00 -1.00 0.00 0.00 0.00 0.00
0.00 0.00 -1.00 -6.00 -15.00 -15.00 -15.00 -6.00 -2.00 -1.00 0.00 0.00 0.00
0.00 0.00 -1.00 -7.00 -20.00 -22.00 -20.00 -11.00 -7.00 -2.00 0.00 0.00 0.00
0.00 0.00 -1.00 -7.00 -25.00 -9.00 -34.00 -25.00 -12.00 -3.00 -1.00 0.00 0.00
0.00 0.00 -1.00 -7.00 -16.00 -13.00 -40.00 -38.00 -16.00 -7.00 -1.00 0.00 0.00
0.00 0.00 -1.00 -3.00 -12.00 -34.00 -45.00 -43.00 -25.00 -7.00 -1.00 0.00 0.00
0.00 0.00 0.00 -2.00 -11.00 -24.00 -33.00 -35.00 -24.00 -7.00 -1.00 0.00 0.00
0.00 0.00 0.00 -2.00 -7.00 -11.00 -20.00 -20.00 -20.00 -7.00 -1.00 0.00 0.00
0.00 0.00 0.00 -1.00 -2.00 19.00 19.00 -6.00 -6.00 -6.00 -1.00 0.00 0.00
0.00 0.00 0.00 0.00 -1.00 -1.00 -1.00 -1.00 -1.00 -1.00 -1.00 0.00 0.00
0.00 0.00 0.00 0.00 0.00 0.00 0.00 0.00 0.00 0.00 0.00 0.00 0.00
0.00 0.00 0.00 0.00 0.00 0.00 0.00 0.00 0.00 0.00 0.00 0.00 0.00
