0.00 0.00 0.00 0.00 0.00 0.00 0.00 0.00 0.00 0.00 0.00 0.00
0.00 0.00 0.00 0.00 0.00 0.00 0.00 0.00 0.00 0.00 0.00 0.00
0.00 0.00 -1.00 -1.00 -1.00 -1.00 -1.00 -1.00 -1.00 0.00 0.00 0.00
0.00 0.00 -1.00 -5.00 -5.00 -5.00 -5.00 -5.00 -1.00 0.00 0.00 0.00
0.00 0.00 -1.00 -6.00 -15.00 -15.00 -15.00 -6.00 -2.00 -1.00 0.00 0.00
0.00 0.00 -1.00 -6.00 -19.00 -21.00 -19.00 -10.00 -6.00 -1.00 0.00 0.00
0.00 0.00 -1.00 -6.00 -19.00 -3.00 -28.00 -19.00 -6.00 -1.00 0.00 0.00
0.00 0.00 -1.00 -7.00 -11.00 5.00 -22.00 -20.00 -7.00 -2.00 0.00 0.00
0.00 0.00 -1.00 -3.00 -11.00 -20.00 -20.00 -20.00 -11.00 -2.00 0.00 0.00
0.00 0.00 0.00 -2.00 -10.00 -19.00 -19.00 -19.00 -10.00 -2.00 0.00 0.00
0.00 0.00 0.00 -2.00 -6.00 -15.00 -17.00 -15.00 -6.00 -2.00 0.00 0.00
0.00 0.00 0.00 -1.00 -5.00 11.00 11.00 -14.00 -5.00 -1.00 0.00 0.00
0.00 0.00 0.00 -1.00 -5.00 -5.00 -5.00 -5.00 -5.00 -1.00 0.00 0.00
0.00 0.00 0.00 -1.00 -1.00 -1.00 -1.00 -1.00 -1.00 -1.00 0.00 0.00
0.00 0.00 0.00 0.00 0.00 0.00 0.00 0.00 0.00 0.00 0.00 0.00
0.00 0.00 0.00 0.00 0.00 0.00 0.00 0.00 0.00 0.00 0.00 0.00
