0.00 0.00 0.00 0.00 0.00 0.00 0.00 0.00 0.00 0.00 0.00 0.00 0.00
0.00 0.00 0.00 0.00 0.00 0.00 0.00 0.00 0.00 0.00 0.00 0.00 0.00
0.00 0.00 -1.00 -1.00 -1.00 -1.00 -1.00 -1.00 -1.00 0.00 0.00 0.00 0.00
0.00 0.00 -1.00 -6.00 -7.00 -7.00 -7.00 -7.00 -3.00 -2.00 -1.00 0.00 0.00
0.00 0.00 -1.00 -6.00 -20.00 -24.00 -24.00 -15.00 -11.00 -6.00 -1.00 0.00 0.00
0.00 0.00 -1.00 -7.00 -21.00 -36.00 -43.00 -34.00 -21.00 -7.00 -1.00 0.00 0.00
0.00 0.00 24.00 -7.00 -25.00 -38.00 -49.00 -40.00 -25.00 -7.00 -1.00 0.00 0.00
0.00 0.00 -1.00 -7.00 -16.00 -38.00 -47.00 -47.00 -25.00 -7.00 -1.00 0.00 0.00
0.00 0.00 -1.00 22.00 -12.00 -25.00 -27.00 -25.00 -16.00 -7.00 -1.00 0.00 0.00
0.00 0.00 0.00 -2.00 -7.00 -16.00 -16.00 -16.00 -7.00 -3.00 -1.00 0.00 0.00
0.00 0.00 0.00 24.00 -5.00 -5.00 -5.00 -5.00 -5.00 -1.00 0.00 0.00 0.00
0.00 0.00 0.00 -1.00 -1.00 -1.00 -1.00 -1.00 -1.00 -1.00 0.00 0.00 0.00
0.00 0.00 0.00 0.00 0.00 0.00 0.00 0.00 0.00 0.00 0.00 0.00 0.00
0.00 0.00 0.00 0.00 0.00 0.00 0.00 0.00 0.00 0.00 0.00 0.00 0.00
