0.00 0.00 0.00 0.00 0.00 0.00 0.00 0.00 0.00 0.00 0.00 0.00 0.00 0.00
0.00 0.00 0.00 0.00 0.00 0.00 0.00 0.00 0.00 0.00 0.00 0.00 0.00 0.00
0.00 0.00 -1.00 -1.00 -1.00 -1.00 -1.00 -1.00 -1.00 0.00 0.00 0.00 0.00 0.00
0.00 0.00 -1.00 -5.00 -5.00 -5.00 -5.00 -5.00 -1.00 0.00 0.00 0.00 0.00 0.00
0.00 0.00 -1.00 -5.00 -15.00 -16.00 -16.00 -7.00 -3.00 -2.00 -2.00 -1.00 0.00 0.00
0.00 0.00 -1.00 -5.00 -15.00 -22.00 -24.00 -15.00 -11.00 -10.00 -6.00 -1.00 0.00 0.00
0.00 0.00 -1.00 -5.00 -15.00 -20.00 -33.00 -33.00 -29.00 -19.00 -6.00 -1.00 0.00 0.00
0.00 0.00 -1.00 -5.00 -6.00 -11.00 -24.00 -35.00 -31.00 -19.00 -6.00 -1.00 0.00 0.00
0.00 0.00 -1.00 -1.00 -2.00 -7.00 -20.00 -29.00 -29.00 -19.00 -6.00 -1.00 0.00 0.00
0.00 0.00 0.00 0.00 -1.00 -6.00 -10.00 -10.00 -10.00 -10.00 -6.00 -1.00 0.00 0.00
0.00 0.00 0.00 0.00 -1.00 -2.00 -2.00 -2.00 -2.00 -2.00 -2.00 -1.00 0.00 0.00
0.00 0.00 0.00 0.00 0.00 0.00 0.00 0.00 0.00 0.00 0.00 0.00 0.00 0.00
0.00 0.00 0.00 0.00 0.00 0.00 0.00 0.00 0.00 0.00 0.00 0.00 0.00 0.00
