Win	[260]	140	-90
Win	[180]	140	-65
Win	[200]	140	-65
Win	[180]	140	-30
Win	[180]	140	-25
Win	[200]	140	-40
Win	[200]	140	-55
Win	[200]	140	-40
Dogfall	300	140	-25
Win	300	140	-115
Dogfall	300	70	-15
Win	[180]	140	-35
Win	[200]	140	-35
Win	[220]	140	-55
Win	[220]	140	-40
Win	[200]	140	-75
Win	[180]	140	-60
Win	[180]	140	-30
Win	[180]	140	-25
Dogfall	300	140	-15
Win	[180]	140	-25
Win	[200]	140	-75
Win	[220]	140	-55
Win	[180]	140	-65
Win	[180]	140	-70
Win	[180]	140	-35
Win	[200]	140	-75
Win	[220]	140	-85
Dogfall	300	93	-140
Win	[240]	140	-120
Win	[180]	140	-120
Win	[200]	140	-70
Win	[200]	140	-75
Win	[200]	140	-70
Win	[240]	140	-110
Win	[220]	140	-45
Win	[200]	140	-80
Win	[200]	140	-75
Win	[220]	140	-100
Win	[240]	140	-85
Win	[260]	140	-75
Win	[180]	140	-60
Win	[200]	140	-75
Win	[180]	140	-25
Win	[200]	140	-75
Win	300	140	-175
Win	[180]	140	-40
Win	[180]	140	-60
Win	[180]	140	-100
Dogfall	300	132	-165
Win	[180]	140	-65
Win	[180]	140	-60
Win	[220]	140	-80
Win	[180]	140	-30
Win	[200]	140	-80
Win	[200]	140	-75
Win	[180]	140	-65
Win	[180]	140	-25
Win	[180]	140	-55
Win	[200]	140	-30
Win	[200]	140	-30
Win	[180]	140	-65
Win	[200]	140	-85
Win	[200]	140	-65
Win	[220]	140	-95
Win	[180]	140	-65
Win	[180]	140	-105
Win	[180]	140	-65
Win	[200]	140	-70
Win	[180]	140	-60
Win	[200]	140	-60
Win	[200]	140	-70
Win	[200]	140	-85
Win	[200]	140	-60
Win	[180]	140	-60
Win	[180]	140	-50
Win	[180]	140	-65
Win	[200]	140	-60
Win	[180]	140	-95
Win	[220]	140	-70
Win	[160]	140	-95
Win	[180]	140	-55
Win	[180]	140	-60
Win	[180]	140	-55
Win	[200]	140	-65
Win	[180]	140	-65
Win	[240]	140	-80
Win	[180]	140	-55
Win	[220]	140	-60
Win	[180]	140	-60
Win	[200]	140	-110
Win	[180]	140	-75
Win	[220]	140	-75
Win	[180]	140	-55
Win	[180]	140	-70
Win	[180]	140	-60
Win	[180]	140	-25
Win	[180]	140	-60
Win	[200]	140	-75
Win	[240]	140	-85
Win	[220]	140	-75
Win	[200]	140	-80
Win	[200]	140	-65
Win	[200]	140	-60
Win	[180]	140	-25
Win	[180]	140	-25
Win	[220]	140	-75
Win	[200]	140	-70
Win	[200]	140	-70
Win	[180]	140	-60
Win	[220]	140	-65
Win	[220]	140	-80
Win	[180]	140	-65
Win	[220]	140	-75
Win	[220]	140	-110
Win	[200]	140	-105
Win	[200]	140	-125
Win	[200]	140	-80
Win	[240]	140	-140
Win	[200]	140	-120
Win	[200]	140	-100
Win	[200]	140	-100
Win	[200]	140	-95
Win	[200]	140	-90
Win	[220]	140	-95
Win	[180]	140	-80
Win	[160]	140	-60
Win	[180]	140	-95
Win	[220]	140	-65
Win	[180]	140	-80
Win	[200]	140	-95
Win	[160]	140	-70
Win	[180]	140	-65
Win	[200]	140	-105
Win	[260]	140	-95
Win	[200]	140	-105
Win	[180]	140	-95
Win	[200]	140	-105
Win	[200]	140	-95
Win	[200]	140	-100
Win	[200]	140	-110
Win	[240]	140	-110
Win	[200]	140	-85
Win	[180]	140	-95
Win	[200]	140	-65
Win	[180]	140	-95
Win	[200]	140	-105
Win	[200]	140	-95
Win	[180]	140	-90
Win	[180]	140	-75
Win	[200]	140	-105
Win	[200]	140	-110
Win	[180]	140	-75
Win	[180]	140	-25
Dogfall	300	135	-40
Win	[260]	140	-35
Win	[260]	140	-35
Win	[280]	140	-50
Win	[200]	140	-80
Win	[160]	140	-60
Win	[180]	140	-65
Win	[180]	140	-60
Win	[180]	140	-65
Win	[200]	140	-75
Win	[200]	140	-130
Win	[220]	140	-110
Dogfall	300	119	-130
Loss	[280]	79	-180
Win	[180]	140	-35
Win	[220]	140	-65
Win	[200]	140	-60
Win	[200]	140	-70
Win	[180]	140	-65
Win	[180]	140	-60
Win	[180]	140	-65
Win	[260]	140	-110
Win	[180]	140	-60
Win	[200]	140	-95
Win	[200]	140	-95
Win	[180]	140	-60
Win	[180]	140	-25
Win	[200]	140	-30
Win	[180]	140	-60
Win	[180]	140	-60
Win	[200]	140	-80
Win	[180]	140	-25
Win	[260]	140	-90
Win	[200]	140	-60
Win	[200]	140	-70
Win	[200]	140	-65
Win	[200]	140	-115
Win	[200]	140	-105
Win	[180]	140	-90
Win	[200]	140	-110
Win	[180]	140	-85
Win	[280]	140	-165
Win	[180]	140	-55
Win	[180]	140	-60
Win	[180]	140	-55
Win	[220]	140	-85
Win	[160]	140	-80
Win	[220]	140	-95
Win	[160]	140	-50
Win	[200]	140	-105
Win	[200]	140	-105
Win	[180]	140	-105
Win	[180]	140	-30
Win	[180]	140	-60
Win	[240]	140	-105
Win	[180]	140	-65
Win	[240]	140	-100
Win	[180]	140	-25
Win	[180]	140	-55
Win	[200]	140	-65
Win	[200]	140	-60
Win	[280]	140	-125
Win	[180]	140	-25
Win	[180]	140	-25
Win	[180]	140	-30
Win	[180]	140	-25
Win	[200]	140	-90
Win	[220]	140	-135
Win	[180]	140	-25
Win	[180]	140	-25
Win	[220]	140	-65
Win	[200]	140	-55
Win	[260]	140	-80
Win	[180]	140	-55
Win	[160]	140	-20
Win	[180]	140	-60
Win	[180]	140	-110
Win	[160]	140	-45
Win	[180]	140	-60
Win	[200]	140	-60
Win	[200]	140	-65
Win	[220]	140	-75
Win	[180]	140	-65
Win	[200]	140	-95
Win	[200]	140	-125
Win	[160]	140	-65
Win	[200]	140	-130
Win	[180]	140	-85
Win	[180]	140	-85
Win	[200]	140	-110
Win	[200]	140	-65
Win	[180]	140	-65
Win	[200]	140	-110
Win	[180]	140	-115
Win	[200]	140	-95
Win	[200]	140	-105
Win	[220]	140	-80
Win	[180]	140	-65
Win	[200]	140	-55
Win	[180]	140	-60
Win	[180]	140	-60
Win	[180]	140	-60
Win	[220]	140	-75
Win	[200]	140	-75
Win	[200]	140	-65
Win	[180]	140	-60
Win	[240]	140	-30
Win	[200]	140	-70
Win	[240]	140	-95
Win	[180]	140	-30
Win	[260]	140	-75
Win	[180]	140	-55
Win	[220]	140	-70
Win	[200]	140	-80
Win	[200]	140	-65
Win	[180]	140	-65
Win	[220]	140	-40
Win	[220]	140	-130
Win	[200]	140	-80
Dogfall	300	72	-170
Win	[200]	140	-65
Win	[200]	140	-45
Win	[180]	140	-30
Win	[180]	140	-25
Win	[180]	140	-25
Win	[180]	140	-25
Win	[200]	140	-55
Win	[180]	140	-30
Win	[180]	140	-60
Win	[180]	140	-30
Win	[200]	140	-70
Win	[180]	140	-25
Win	[200]	140	-70
Win	[180]	140	-60
Win	[200]	140	-65
Win	[200]	140	-65
Win	[200]	140	-70
Win	[200]	140	-70
Win	[200]	140	-65
Win	[220]	140	-75
Win	[220]	140	-90
Win	[200]	140	-75
Win	[180]	140	-60
Win	[240]	140	-65
Win	[200]	140	-55
Win	[180]	140	-30
Win	[180]	140	-25
Win	[200]	140	-70
Win	[260]	140	-90
Win	[260]	140	-95
Win	[220]	140	-110
Win	[200]	140	-90
Win	[220]	140	-115
Win	[160]	140	-50
Win	[200]	140	-70
Win	[240]	140	-70
Loss	[260]	86	-180
Win	[220]	140	-75
Win	[220]	140	-80
Win	[200]	140	-60
Win	[240]	140	-85
Win	[220]	140	-75
Win	[180]	140	-60
Win	[220]	140	-85
Win	[200]	140	-55
Win	[180]	140	-55
Win	[200]	140	-70
Win	[220]	140	-80
Win	[180]	140	-85
Win	[180]	140	-25
Win	[180]	140	-55
Win	[200]	140	-25
Win	[180]	140	-60
Win	[200]	140	-125
Win	[140]	140	-90
Win	[160]	140	-20
Win	[220]	140	-85
Win	[220]	140	-75
Win	[180]	140	-70
Win	[180]	140	-60
Win	[200]	140	-75
Win	[240]	140	-60
Win	[180]	140	-65
Win	[180]	140	-30
Win	[180]	140	-25
Win	[180]	140	-60
Win	[220]	140	-120
Win	[200]	140	-100
Win	[200]	140	-110
Win	[200]	140	-110
Win	[200]	140	-105
Win	[240]	140	-75
Win	[200]	140	-110
Win	[200]	140	-125
Win	[200]	140	-110
Win	[200]	140	-120
Win	[200]	140	-95
Win	[200]	140	-85
Win	[180]	140	-105
Win	[200]	140	-105
Win	[180]	140	-100
Win	[200]	140	-105
Win	[220]	140	-145
Win	[180]	140	-55
Win	[200]	140	-40
Win	[200]	140	-30
Win	[180]	140	-25
Win	[180]	140	-25
Win	[180]	140	-30
Win	[180]	140	-30
Win	[180]	140	-25
Win	[180]	140	-30
Win	[240]	140	-105
Win	[180]	140	-75
Win	300	140	-170
Win	[180]	140	-25
Win	[180]	140	-30
Win	[200]	140	-65
Win	[220]	140	-80
Win	[200]	140	-100
Win	[200]	140	-80
Win	[220]	140	-145
Win	[180]	140	-90
Win	[200]	140	-60
Win	[220]	140	-140
Win	[200]	140	-105
Win	[160]	140	-20
Win	[220]	140	-135
Win	[200]	140	-70
Win	[180]	140	-25
Win	[220]	140	-75
Win	[180]	140	-60
Win	[180]	140	-25
Win	[200]	140	-70
Win	[220]	140	-70
Win	[180]	140	-65
Win	[200]	140	-60
Win	[220]	140	-95
Win	[220]	140	-90
Win	[200]	140	-65
Win	[180]	140	-65
Win	[200]	140	-65
Win	[200]	140	-95
Win	[200]	140	-95
Win	[160]	140	-85
Win	[200]	140	-105
Win	[180]	140	-55
Win	[200]	140	-60
Win	[180]	140	-60
Win	[220]	140	-80
Win	[180]	140	-65
Win	[180]	140	-55
Win	[220]	140	-75
Win	[200]	140	-65
Win	[180]	140	-60
Win	[200]	140	-65
Win	[160]	140	-20
Win	[180]	140	-55
Win	[180]	140	-30
Win	[180]	140	-25
Win	[200]	140	-70
Win	[180]	140	-25
Win	[200]	140	-60
Win	[220]	140	-65
Win	[220]	140	-60
Win	[200]	140	-65
Win	[180]	140	-30
Win	[200]	140	-65
Win	[160]	140	-20
Win	[180]	140	-25
Win	[180]	140	-55
Win	[280]	140	-110
Win	[200]	140	-110
Win	[180]	140	-90
Win	[200]	140	-115
Win	[200]	140	-105
Win	[180]	140	-25
Win	[180]	140	-60
Win	[200]	140	-70
Win	[180]	140	-60
Win	[220]	140	-125
Win	[140]	140	-40
Win	[200]	140	-75
Win	[240]	140	-110
Win	[200]	140	-105
Win	[160]	140	-95
Win	[200]	140	-110
Win	[220]	140	-135
Win	[240]	140	-105
Win	[160]	140	-85
Win	[220]	140	-115
Win	[200]	140	-105
Win	[200]	140	-115
Win	[180]	140	-25
Win	[200]	140	-70
Win	[180]	140	-25
Win	[160]	140	-60
Win	[180]	140	-25
Win	[180]	140	-25
Win	[180]	140	-30
Win	[180]	140	-30
Win	[180]	140	-30
Win	[180]	140	-25
Win	[200]	140	-55
Win	[200]	140	-30
Win	[180]	140	-25
Win	[180]	140	-25
Win	[200]	140	-35
Win	[180]	140	-60
Loss	300	84	-180
Dogfall	300	117	-130
Win	300	140	-130
Win	[200]	140	-65
Win	[220]	140	-65
Win	[180]	140	-70
Win	[180]	140	-65
Win	[180]	140	-60
Win	[200]	140	-65
Win	[180]	140	-60
Win	[180]	140	-60
Win	[180]	140	-25
Win	[240]	140	-80
Win	[200]	140	-70
Win	[180]	140	-65
Win	[240]	140	-75
Win	[180]	140	-70
Win	[220]	140	-65
Win	[220]	140	-70
Win	[280]	140	-90
Win	[180]	140	-55
Win	[180]	140	-70
Win	[180]	140	-25
Win	[200]	140	-95
Win	[200]	140	-65
Win	[200]	140	-85
Win	[180]	140	-25
Win	[180]	140	-50
Win	[200]	140	-85
Win	[200]	140	-65
Win	[200]	140	-70
Win	[220]	140	-75
Win	[180]	140	-35
Win	[200]	140	-65
Win	[180]	140	-85
Win	[180]	140	-25
Win	[200]	140	-60
