0.00 0.00 0.00 0.00 0.00 0.00 0.00 0.00 0.00 0.00 0.00 0.00
0.00 0.00 0.00 0.00 0.00 0.00 0.00 0.00 0.00 0.00 0.00 0.00
0.00 0.00 -1.00 -2.00 -2.00 -2.00 -2.00 -2.00 -2.00 -1.00 0.00 0.00
0.00 0.00 -1.00 -6.00 -10.00 -10.00 -10.00 -10.00 -6.00 -1.00 0.00 0.00
0.00 0.00 -1.00 -6.00 -19.00 -28.00 -28.00 -19.00 -6.00 -1.00 0.00 0.00
0.00 0.00 -1.00 -6.00 -19.00 -30.00 -30.00 -19.00 -6.00 -1.00 0.00 0.00
0.00 0.00 -1.00 -6.00 31.00 -28.00 -28.00 -19.00 -6.00 -1.00 0.00 0.00
0.00 0.00 -1.00 -6.00 15.00 -10.00 -10.00 -10.00 -6.00 -1.00 0.00 0.00
0.00 0.00 -1.00 -2.00 -2.00 -2.00 -2.00 -2.00 -2.00 -1.00 0.00 0.00
0.00 0.00 0.00 0.00 0.00 0.00 0.00 0.00 0.00 0.00 0.00 0.00
0.00 0.00 0.00 0.00 0.00 0.00 0.00 0.00 0.00 0.00 0.00 0.00
