0.00 0.00 0.00 0.00 0.00 0.00 0.00 0.00 0.00 0.00 0.00 0.00 0.00 0.00
0.00 0.00 0.00 0.00 0.00 0.00 0.00 0.00 0.00 0.00 0.00 0.00 0.00 0.00
0.00 0.00 -1.00 -1.00 -1.00 -1.00 -1.00 -1.00 -1.00 0.00 0.00 0.00 0.00 0.00
0.00 0.00 -1.00 -5.00 -5.00 -5.00 -5.00 -5.00 -1.00 0.00 0.00 0.00 0.00 0.00
0.00 0.00 -1.00 -5.00 11.00 -15.00 -15.00 -6.00 -2.00 -1.00 -1.00 -1.00 0.00 0.00
0.00 0.00 -1.00 -6.00 10.00 -18.00 -20.00 -11.00 -7.00 -6.00 -5.00 -1.00 0.00 0.00
0.00 0.00 -1.00 -7.00 -20.00 -21.00 -25.00 -25.00 -21.00 -16.00 -5.00 -1.00 0.00 0.00
0.00 0.00 -1.00 -7.00 -15.00 -25.00 -29.00 -38.00 -27.00 -16.00 -5.00 -1.00 0.00 0.00
0.00 0.00 -1.00 -3.00 -11.00 -30.00 -36.00 -43.00 -25.00 -16.00 -5.00 -1.00 0.00 0.00
0.00 0.00 0.00 -2.00 -10.00 21.00 -35.00 -33.00 -15.00 -7.00 -5.00 -1.00 0.00 0.00
0.00 0.00 0.00 -2.00 -10.00 -20.00 -20.00 -20.00 -11.00 -3.00 -1.00 -1.00 0.00 0.00
0.00 0.00 0.00 -2.00 -6.00 -6.00 -6.00 -6.00 -6.00 -2.00 0.00 0.00 0.00 0.00
0.00 0.00 0.00 -1.00 -1.00 -1.00 -1.00 -1.00 -1.00 -1.00 0.00 0.00 0.00 0.00
0.00 0.00 0.00 0.00 0.00 0.00 0.00 0.00 0.00 0.00 0.00 0.00 0.00 0.00
0.00 0.00 0.00 0.00 0.00 0.00 0.00 0.00 0.00 0.00 0.00 0.00 0.00 0.00
