0.00 0.00 0.00 0.00 0.00 0.00 0.00 0.00 0.00 0.00 0.00 0.00
0.00 0.00 0.00 0.00 0.00 0.00 0.00 0.00 0.00 0.00 0.00 0.00
0.00 0.00 -1.00 -1.00 -1.00 -1.00 -1.00 -1.00 -1.00 0.00 0.00 0.00
0.00 0.00 -1.00 -5.00 -5.00 -5.00 -5.00 -5.00 -1.00 0.00 0.00 0.00
0.00 0.00 -1.00 20.00 -14.00 -14.00 -14.00 -5.00 -1.00 0.00 0.00 0.00
0.00 0.00 -1.00 -6.00 10.00 -17.00 -15.00 -6.00 -2.00 -1.00 0.00 0.00
0.00 0.00 -1.00 -7.00 -20.00 -20.00 -20.00 -11.00 -7.00 -2.00 0.00 0.00
0.00 0.00 -2.00 -8.00 -16.00 -25.00 -25.00 -25.00 -12.00 -2.00 0.00 0.00
0.00 0.00 -2.00 -8.00 -16.00 -34.00 -36.00 -34.00 -12.00 -2.00 0.00 0.00
0.00 0.00 -1.00 -7.00 1.00 -17.00 -44.00 -33.00 -11.00 -2.00 0.00 0.00
0.00 0.00 -1.00 -7.00 -24.00 -35.00 -33.00 -24.00 -11.00 -2.00 0.00 0.00
0.00 0.00 -1.00 -7.00 -20.00 -20.00 -20.00 -11.00 -7.00 -2.00 0.00 0.00
0.00 0.00 -1.00 -6.00 -6.00 -6.00 -6.00 -6.00 -2.00 -1.00 0.00 0.00
0.00 0.00 -1.00 -1.00 -1.00 -1.00 -1.00 -1.00 -1.00 0.00 0.00 0.00
0.00 0.00 0.00 0.00 0.00 0.00 0.00 0.00 0.00 0.00 0.00 0.00
0.00 0.00 0.00 0.00 0.00 0.00 0.00 0.00 0.00 0.00 0.00 0.00
