0.00 0.00 0.00 0.00 0.00 0.00 0.00 0.00 0.00 0.00 0.00 0.00 0.00
0.00 0.00 0.00 0.00 0.00 0.00 0.00 0.00 0.00 0.00 0.00 0.00 0.00
0.00 0.00 -1.00 -1.00 -1.00 -1.00 -1.00 -1.00 -1.00 0.00 0.00 0.00 0.00
0.00 0.00 -1.00 -5.00 -5.00 -5.00 -5.00 -5.00 -1.00 0.00 0.00 0.00 0.00
0.00 0.00 -1.00 -5.00 -14.00 -14.00 -14.00 -5.00 -1.00 0.00 0.00 0.00 0.00
0.00 0.00 -1.00 -7.00 8.00 -19.00 -17.00 -8.00 -4.00 -3.00 -1.00 0.00 0.00
0.00 0.00 -1.00 -7.00 -25.00 -4.00 -29.00 -20.00 -16.00 -7.00 -1.00 0.00 0.00
0.00 0.00 -1.00 -7.00 -16.00 -38.00 -47.00 -47.00 -25.00 -7.00 -1.00 0.00 0.00
0.00 0.00 -1.00 -3.00 -12.00 -34.00 -47.00 -45.00 -25.00 -7.00 -1.00 0.00 0.00
0.00 0.00 0.00 -2.00 -11.00 -8.00 -42.00 -42.00 -24.00 -7.00 -1.00 0.00 0.00
0.00 0.00 0.00 -2.00 -11.00 10.00 -15.00 -15.00 -15.00 -7.00 -1.00 0.00 0.00
0.00 0.00 0.00 -2.00 -3.00 -3.00 -3.00 -3.00 -3.00 -3.00 -1.00 0.00 0.00
0.00 0.00 0.00 0.00 0.00 0.00 0.00 0.00 0.00 0.00 0.00 0.00 0.00
0.00 0.00 0.00 0.00 0.00 0.00 0.00 0.00 0.00 0.00 0.00 0.00 0.00
