Loss	[150]	360	-360
Loss	[240]	267	-360
Loss	[160]	360	-360
Loss	[190]	360	-360
Loss	[180]	360	-360
Loss	[150]	360	-360
Dogfall	250.0	321	-333
Loss	[200]	360	-360
Loss	[160]	360	-360
Loss	[140]	360	-360
Loss	[180]	360	-360
Loss	[210]	315	-360
Dogfall	250.0	345	-357
Dogfall	250.0	351	-339
Loss	[210]	300	-360
Loss	[200]	360	-360
Win	[210]	360	-297
Loss	[160]	360	-360
Loss	[220]	300	-360
Loss	[170]	360	-360
Loss	[210]	360	-360
Loss	[150]	360	-360
Loss	[200]	360	-360
Loss	[150]	360	-360
Loss	[230]	294	-360
Loss	[210]	321	-360
Loss	[200]	360	-360
Dogfall	250.0	327	-339
Loss	[240]	315	-360
Loss	[140]	360	-360
Loss	[180]	360	-360
Loss	[220]	288	-360
Loss	[230]	306	-360
Dogfall	250.0	339	-351
Dogfall	250.0	339	-339
Loss	[140]	360	-360
Loss	250.0	300	-360
Loss	[180]	360	-360
Dogfall	250.0	357	-348
Loss	[240]	300	-360
Win	[200]	360	-315
Loss	[220]	330	-360
Loss	[190]	360	-360
Loss	[190]	360	-360
Dogfall	250.0	357	-357
Win	[200]	360	-327
Loss	[210]	339	-360
Win	[210]	360	-300
Loss	[220]	318	-360
Loss	250.0	312	-360
Loss	[230]	330	-360
Dogfall	250.0	318	-333
Loss	[220]	312	-360
Dogfall	250.0	333	-357
Loss	[200]	360	-360
Win	[230]	360	-330
Loss	[160]	360	-360
Loss	[190]	360	-360
Loss	[190]	360	-360
Dogfall	250.0	351	-357
Loss	[190]	360	-360
Dogfall	250.0	339	-357
Loss	[130]	360	-360
Loss	[240]	315	-360
Loss	[170]	360	-360
Loss	[200]	360	-360
Loss	[180]	360	-360
Loss	[220]	276	-360
Loss	[220]	297	-360
Loss	[210]	339	-360
Loss	[170]	360	-360
Loss	[180]	360	-360
Loss	[230]	312	-360
Loss	[170]	360	-360
Win	[220]	360	-336
Loss	[170]	360	-360
Loss	[200]	315	-360
Win	[230]	360	-315
Loss	[200]	360	-360
Loss	[190]	360	-360
Dogfall	250.0	333	-345
Dogfall	250.0	351	-357
Dogfall	250.0	348	-357
Win	[240]	360	-348
Win	[240]	360	-342
Dogfall	250.0	333	-351
Loss	[170]	360	-360
Loss	[210]	333	-360
Win	250.0	360	-348
Loss	[200]	360	-360
Loss	[220]	330	-360
Win	[220]	360	-303
Loss	[210]	321	-360
Win	[240]	360	-342
Loss	[240]	354	-360
Loss	[240]	300	-360
Loss	250.0	324	-360
Loss	[230]	330	-360
Loss	[230]	306	-360
Loss	[230]	309	-360
Loss	250.0	333	-360
Loss	[220]	318	-360
Dogfall	250.0	345	-351
Dogfall	250.0	345	-357
Loss	[230]	336	-360
Loss	[220]	306	-360
Loss	[210]	357	-360
Loss	[200]	360	-360
Dogfall	250.0	357	-348
Loss	[220]	318	-360
Loss	250.0	318	-360
Loss	250.0	345	-360
Loss	[180]	360	-360
Loss	[140]	360	-360
Win	[230]	360	-318
Loss	[210]	360	-360
Loss	[230]	318	-360
Loss	[180]	360	-360
Win	[200]	360	-312
Loss	[240]	342	-360
Loss	[160]	360	-360
Dogfall	250.0	339	-345
Dogfall	250.0	333	-351
Dogfall	250.0	336	-357
Dogfall	250.0	345	-315
Loss	[220]	318	-360
Dogfall	250.0	333	-321
Win	[230]	360	-330
Loss	[200]	360	-360
Win	250.0	360	-306
Loss	[210]	360	-360
Dogfall	250.0	351	-330
Dogfall	250.0	345	-339
Loss	[200]	360	-360
Win	[230]	360	-330
Win	250.0	360	-345
Loss	[200]	360	-360
Win	[240]	360	-348
Loss	[150]	360	-360
Loss	[190]	360	-360
Win	[200]	360	-294
Loss	[240]	303	-360
Loss	[180]	360	-360
Loss	[240]	324	-360
Win	[220]	360	-345
Dogfall	250.0	345	-351
Win	[240]	360	-321
Loss	[210]	327	-360
Dogfall	250.0	339	-333
Win	[230]	360	-312
Loss	[200]	360	-360
Loss	[180]	360	-360
Loss	[190]	360	-360
Win	[200]	360	-297
Win	[220]	360	-324
Win	[200]	360	-309
Loss	[180]	360	-360
Win	[230]	360	-348
Dogfall	250.0	333	-351
Loss	[230]	324	-360
Win	[240]	360	-336
Loss	[210]	351	-360
Loss	[210]	339	-360
Loss	250.0	312	-360
Loss	[230]	348	-360
Dogfall	250.0	339	-339
Loss	[220]	276	-360
Loss	[170]	360	-360
Loss	[220]	318	-360
Win	[210]	360	-330
Loss	[160]	360	-360
Dogfall	250.0	330	-357
Win	[200]	360	-327
Loss	[230]	324	-360
Loss	[140]	360	-360
Loss	[220]	342	-360
Loss	[210]	321	-360
Loss	[190]	360	-360
Loss	[170]	360	-360
Loss	[220]	324	-360
Loss	[150]	360	-360
Loss	[240]	318	-360
Loss	[190]	360	-360
Win	[220]	360	-318
Loss	[190]	360	-360
Win	[200]	360	-291
Loss	[200]	360	-360
Win	[200]	360	-300
Win	[200]	360	-309
Loss	[220]	312	-360
Loss	[230]	342	-360
Win	[240]	360	-324
Loss	[160]	360	-360
Loss	[200]	360	-360
Loss	[180]	360	-360
Win	250.0	360	-330
Loss	[190]	360	-360
Win	[240]	360	-345
Dogfall	250.0	333	-357
Loss	[180]	360	-360
Loss	[190]	360	-360
Loss	[230]	318	-360
Loss	[200]	351	-360
Loss	[210]	360	-360
Loss	[190]	360	-360
Loss	[150]	360	-360
Win	[230]	360	-354
Loss	[190]	360	-360
Loss	[240]	339	-360
Loss	[230]	306	-360
Win	[220]	360	-318
Loss	[210]	345	-360
Loss	250.0	333	-360
Loss	[240]	333	-360
Dogfall	250.0	357	-339
Loss	[230]	318	-360
Dogfall	250.0	357	-339
Loss	[190]	360	-360
Loss	[180]	360	-360
Loss	[180]	360	-360
Dogfall	250.0	339	-351
Win	[220]	360	-327
Loss	[170]	360	-360
Loss	[240]	315	-360
Loss	[140]	360	-360
Loss	[220]	318	-360
Loss	[160]	360	-360
Win	[220]	360	-315
Loss	[220]	327	-360
Loss	[170]	360	-360
Loss	[180]	360	-360
Loss	[200]	360	-360
Loss	[190]	360	-360
Loss	[220]	312	-360
Loss	[150]	360	-360
Loss	[180]	360	-360
Loss	[220]	324	-360
Loss	[220]	327	-360
Loss	[160]	360	-360
Win	[240]	360	-345
Loss	[180]	360	-360
Loss	[200]	339	-360
Loss	[180]	360	-360
Win	250.0	360	-357
Loss	[210]	360	-360
Loss	[240]	333	-360
Loss	[200]	360	-360
Win	[230]	360	-351
Win	[230]	360	-312
Win	[240]	360	-321
Dogfall	250.0	351	-321
Win	[230]	360	-330
Loss	[190]	360	-360
Loss	[230]	324	-360
Win	[220]	360	-336
Loss	[190]	360	-360
Loss	[190]	360	-360
Loss	[180]	360	-360
Loss	250.0	345	-360
Loss	[220]	303	-360
Loss	[190]	360	-360
Win	[160]	360	-255
Loss	[230]	300	-360
Win	[230]	360	-312
Win	[220]	360	-306
Win	[230]	360	-327
Win	[220]	360	-288
Win	[200]	360	-285
Win	[230]	360	-297
Win	[200]	360	-273
Win	[190]	360	-291
Win	[240]	360	-324
Win	[210]	360	-300
Dogfall	250.0	345	-345
Win	[180]	360	-276
Win	[180]	360	-285
Loss	[220]	300	-360
Win	[190]	360	-279
Win	[210]	360	-291
Win	[200]	360	-297
Loss	[200]	360	-360
Dogfall	250.0	339	-345
Win	250.0	360	-339
Dogfall	250.0	339	-357
Loss	[190]	360	-360
Loss	[240]	333	-360
Win	[220]	360	-294
Win	[200]	360	-282
Win	250.0	360	-333
Win	[230]	360	-315
Win	[190]	360	-285
Win	[200]	360	-288
Win	[220]	360	-303
Dogfall	250.0	351	-357
Win	[240]	360	-330
Dogfall	250.0	327	-357
Win	[200]	360	-297
Win	[190]	360	-291
Win	[240]	360	-345
Win	[180]	360	-297
Win	[210]	360	-312
Loss	[200]	360	-360
Win	[240]	360	-336
Win	[210]	360	-303
Win	250.0	360	-327
Dogfall	250.0	345	-327
Win	250.0	360	-351
Win	[190]	360	-279
Win	[220]	360	-321
Win	[220]	360	-315
Loss	[220]	300	-360
Win	[190]	360	-282
Loss	[210]	345	-360
Loss	[190]	360	-360
Loss	[190]	360	-360
Loss	[220]	321	-360
Win	[200]	360	-309
Win	[200]	360	-285
Loss	[170]	360	-360
Dogfall	250.0	345	-357
Loss	[170]	360	-360
Win	[180]	360	-276
Loss	250.0	333	-360
Win	[220]	360	-291
Loss	[150]	360	-360
Win	[200]	360	-303
Loss	[180]	360	-360
Win	[180]	360	-285
Loss	[220]	294	-360
Win	[200]	360	-294
Win	[220]	360	-312
Win	[160]	360	-282
Win	[220]	360	-300
Win	[230]	360	-324
Win	[170]	360	-276
Win	[200]	360	-312
Win	[190]	360	-285
Win	[200]	360	-315
Win	[200]	360	-315
Dogfall	250.0	357	-339
Loss	[120]	360	-360
Loss	[210]	315	-360
Win	[180]	360	-270
Loss	250.0	345	-360
Win	[180]	360	-264
Win	[210]	360	-288
Win	[190]	360	-279
Win	[200]	360	-300
Win	[190]	360	-297
Win	[220]	360	-306
Win	[190]	360	-279
Win	[190]	360	-294
Loss	[200]	360	-360
Win	[180]	360	-294
Loss	[170]	360	-360
Win	[240]	360	-312
Win	[180]	360	-297
Loss	[140]	360	-360
Loss	[230]	312	-360
Win	[180]	360	-273
Loss	[240]	345	-360
Win	250.0	360	-321
Win	[220]	360	-300
Loss	[210]	360	-360
Loss	250.0	333	-360
Loss	[230]	306	-360
Loss	[240]	324	-360
Win	[220]	360	-300
Win	[190]	360	-300
Win	[210]	360	-294
Win	[190]	360	-282
Win	[190]	360	-285
Win	[180]	360	-285
Loss	[150]	360	-360
Loss	[160]	360	-360
Win	[200]	360	-291
Win	[200]	360	-279
Win	[190]	360	-288
Loss	[220]	357	-360
Win	[240]	360	-318
Loss	[180]	360	-360
Win	[230]	360	-330
Win	[180]	360	-282
Loss	[160]	360	-360
Win	[170]	360	-294
Win	[180]	360	-297
Loss	250.0	351	-360
Loss	[150]	360	-360
Loss	[160]	360	-360
Dogfall	250.0	327	-357
Win	[190]	360	-276
Loss	[180]	360	-360
Win	[180]	360	-276
Win	[210]	360	-321
Dogfall	250.0	357	-336
Win	[190]	360	-306
Loss	[150]	360	-360
Win	[200]	360	-291
Win	[240]	360	-336
Win	[180]	360	-276
Win	[180]	360	-264
Dogfall	250.0	357	-333
Win	[170]	360	-270
Win	[190]	360	-294
Win	[190]	360	-285
Loss	[190]	360	-360
Win	[210]	360	-294
Win	[190]	360	-270
Win	[170]	360	-279
Win	[180]	360	-273
Loss	[210]	360	-360
Win	[190]	360	-291
Win	250.0	360	-336
Win	[200]	360	-297
Win	[200]	360	-309
Loss	250.0	336	-360
Win	[200]	360	-303
Win	[230]	360	-312
Win	[230]	360	-306
Win	[190]	360	-297
Win	[180]	360	-258
Win	[170]	360	-264
Win	[180]	360	-273
Win	[180]	360	-276
Loss	[160]	360	-360
Win	[180]	360	-270
Win	[180]	360	-270
Win	[200]	360	-285
Win	[180]	360	-279
Loss	[180]	360	-360
Win	[210]	360	-273
Loss	[160]	360	-360
Win	[230]	360	-345
Loss	[210]	360	-360
Win	[210]	360	-309
Loss	[230]	294	-360
Dogfall	250.0	333	-345
Win	[180]	360	-276
Win	[190]	360	-276
Win	[190]	360	-291
Win	[200]	360	-282
Loss	[220]	318	-360
Win	[170]	360	-270
Win	[230]	360	-333
Loss	[150]	360	-360
Win	[180]	360	-270
Loss	[240]	306	-360
Win	[170]	360	-282
Loss	[220]	297	-360
Loss	[210]	342	-360
Dogfall	250.0	333	-354
Win	[180]	360	-282
Win	[210]	360	-300
Win	[190]	360	-267
Win	[180]	360	-294
Loss	[160]	360	-360
Win	[180]	360	-282
Loss	[210]	360	-360
Loss	[190]	360	-360
Win	[190]	360	-273
Win	[200]	360	-309
Win	[200]	360	-330
Loss	[210]	354	-360
Loss	[180]	360	-360
Win	[180]	360	-276
Win	[190]	360	-282
Dogfall	250.0	294	-357
Win	[180]	360	-276
Win	[180]	360	-279
Win	[230]	360	-318
Win	[200]	360	-288
Loss	[180]	360	-360
Win	[170]	360	-276
Loss	[170]	360	-360
Loss	[210]	318	-360
Win	[210]	360	-306
Loss	[180]	360	-360
Win	[170]	360	-258
Win	[180]	360	-270
Dogfall	250.0	327	-357
Win	[180]	360	-291
Win	[190]	360	-309
Win	[210]	360	-300
Win	[200]	360	-321
Dogfall	250.0	351	-357
Win	[180]	360	-261
Loss	250.0	339	-360
Win	[200]	360	-291
Win	[180]	360	-270
Win	[230]	360	-300
Dogfall	250.0	357	-357
Win	[180]	360	-276
Win	[180]	360	-288
Dogfall	250.0	345	-351
Dogfall	250.0	357	-351
Loss	[180]	360	-360
Win	[180]	360	-282
Dogfall	250.0	357	-321
Dogfall	250.0	357	-342
