Loss	[290]	360	-360
Loss	[180]	360	-360
Loss	[190]	360	-360
Win	[220]	360	-348
Dogfall	500.0	360	-351
Loss	[270]	360	-360
Win	[290]	360	-351
Loss	[180]	360	-360
Loss	[170]	360	-360
Dogfall	500.0	345	-336
Loss	[320]	360	-360
Dogfall	500.0	360	-342
Loss	[290]	360	-360
Loss	[190]	360	-360
Loss	[250]	360	-360
Loss	[170]	360	-360
Win	[270]	360	-354
Loss	[300]	360	-360
Dogfall	500.0	360	-330
Win	[130]	360	-324
Win	[320]	360	-348
Loss	[260]	360	-360
Loss	[280]	360	-360
Dogfall	500.0	360	-351
Loss	[270]	360	-360
Loss	[240]	360	-360
Win	[240]	360	-339
Loss	[300]	360	-360
Loss	[300]	360	-360
Win	[300]	360	-351
Win	[120]	360	-339
Dogfall	500.0	360	-342
Loss	[330]	360	-360
Dogfall	500.0	360	-345
Loss	[260]	360	-360
Win	[220]	360	-345
Win	[150]	360	-330
Loss	[300]	360	-360
Loss	[180]	360	-360
Win	[270]	360	-336
Dogfall	500.0	360	-342
Win	[320]	360	-354
Win	[280]	360	-354
Win	[260]	360	-339
Win	[260]	360	-348
Loss	[280]	360	-360
Win	[310]	360	-357
Loss	[220]	360	-360
Win	[290]	360	-342
Loss	[310]	360	-360
Loss	[330]	360	-360
Loss	[280]	360	-360
Loss	[230]	360	-360
Win	[310]	360	-357
Loss	[300]	360	-360
Win	[300]	360	-354
Win	[190]	360	-345
Loss	[130]	360	-360
Win	[290]	360	-336
Win	[270]	360	-342
Loss	[310]	360	-360
Loss	[280]	360	-360
Win	[290]	360	-351
Win	[270]	360	-339
Loss	[290]	360	-360
Loss	[190]	360	-360
Loss	[310]	360	-360
Dogfall	500.0	360	-333
Win	[150]	360	-345
Win	[220]	360	-327
Dogfall	500.0	357	-357
Win	[300]	360	-357
Loss	[270]	360	-360
Loss	[220]	360	-360
Dogfall	500.0	360	-351
Win	[300]	360	-348
Win	[320]	360	-357
Loss	[300]	360	-360
Win	[280]	360	-354
Loss	[260]	360	-360
Loss	[270]	360	-360
Loss	[260]	360	-360
Loss	[170]	360	-360
Loss	[290]	360	-360
Loss	[300]	360	-360
Win	[280]	360	-351
Win	[210]	360	-339
Win	[290]	360	-357
Loss	[230]	360	-360
Loss	[280]	360	-360
Win	[290]	360	-357
Loss	[240]	360	-360
Loss	[310]	360	-360
Loss	[270]	360	-360
Loss	[240]	360	-360
Loss	[270]	360	-360
Win	[270]	360	-339
Loss	[300]	360	-360
Win	[280]	360	-354
Win	[330]	360	-351
Win	[300]	360	-333
Loss	[240]	360	-360
Loss	[280]	360	-360
Loss	[260]	360	-360
Win	[280]	360	-348
Loss	[370]	360	-360
Loss	[210]	360	-360
Win	[310]	360	-357
Loss	[370]	360	-360
Loss	[290]	360	-360
Win	[330]	360	-354
Loss	[280]	360	-360
Win	[300]	360	-351
Loss	[250]	360	-360
Win	[270]	360	-336
Loss	[270]	360	-360
Loss	[130]	360	-360
Loss	[300]	360	-360
Win	[430]	360	-348
Win	[270]	360	-348
Loss	[230]	360	-360
Win	[250]	360	-348
Win	[260]	360	-351
Loss	[290]	360	-360
Loss	[320]	360	-360
Win	[290]	360	-342
Dogfall	500.0	360	-330
Loss	[260]	360	-360
Win	[240]	360	-336
Loss	[140]	360	-360
Dogfall	500.0	360	-348
Loss	[270]	360	-360
Loss	[320]	360	-360
Dogfall	500.0	360	-330
Loss	[280]	360	-360
Loss	[290]	360	-360
Loss	[120]	360	-360
Win	[310]	360	-348
Loss	[290]	360	-360
Win	[290]	360	-357
Win	[280]	360	-339
Win	[290]	360	-354
Win	[310]	360	-357
Loss	[240]	360	-360
Loss	[240]	360	-360
Loss	[240]	360	-360
Win	[280]	360	-351
Win	[230]	360	-336
Loss	[320]	360	-360
Win	[310]	360	-357
Win	[250]	360	-339
Win	[270]	360	-348
Win	[220]	360	-348
Win	[340]	360	-357
Loss	[240]	360	-360
Win	[290]	360	-345
Win	[310]	360	-357
Win	[280]	360	-342
Loss	[290]	360	-360
Dogfall	500.0	360	-339
Dogfall	500.0	360	-357
Win	[280]	360	-345
Loss	[290]	360	-360
Loss	[360]	360	-360
Win	[210]	360	-327
Loss	[290]	360	-360
Loss	[270]	360	-360
Loss	[270]	360	-360
Loss	[320]	360	-360
Loss	[270]	360	-360
Win	[290]	360	-336
Loss	[220]	360	-360
Win	[290]	360	-357
Win	[270]	360	-354
Loss	[270]	360	-360
Loss	[290]	360	-360
Win	[300]	360	-354
Win	[300]	360	-333
Dogfall	500.0	360	-336
Loss	[300]	360	-360
Loss	[240]	360	-360
Dogfall	500.0	360	-336
Win	[290]	360	-357
Loss	[270]	360	-360
Loss	[240]	360	-360
Dogfall	500.0	360	-357
Loss	[380]	360	-360
Loss	[300]	360	-360
Win	[330]	360	-342
Win	[150]	360	-330
Loss	[240]	360	-360
Loss	[270]	360	-360
Win	[340]	360	-351
Win	[290]	360	-348
Loss	[220]	360	-360
Loss	[310]	360	-360
Win	[130]	360	-330
Loss	[270]	360	-360
Win	[300]	360	-354
Win	[190]	360	-339
Loss	[280]	360	-360
Loss	[250]	360	-360
Win	[270]	360	-345
Win	[190]	360	-324
Win	[290]	360	-339
Loss	[300]	360	-360
Win	[220]	360	-330
Win	[330]	360	-351
Win	[290]	360	-351
Dogfall	500.0	360	-333
Loss	[280]	360	-360
Dogfall	500.0	360	-339
Dogfall	500.0	360	-330
Loss	[270]	360	-360
Loss	[240]	360	-360
Win	[180]	360	-318
Win	[300]	360	-354
Dogfall	500.0	360	-330
Loss	[270]	360	-360
Win	[300]	360	-354
Win	[280]	360	-351
Loss	[280]	360	-360
Dogfall	500.0	360	-321
Win	[190]	360	-327
Loss	[290]	360	-360
Win	[320]	360	-342
Win	[300]	360	-342
Loss	[320]	360	-360
Loss	[260]	360	-360
Loss	[280]	360	-360
Win	[190]	360	-342
Dogfall	500.0	360	-330
Loss	[280]	360	-360
Dogfall	500.0	360	-357
Win	[270]	360	-339
Loss	[240]	360	-360
Loss	[240]	360	-360
Loss	[230]	360	-360
Loss	[290]	360	-360
Loss	[300]	360	-360
Dogfall	500.0	360	-342
Win	[290]	360	-339
Loss	[280]	360	-360
Win	[160]	360	-333
Win	[280]	360	-348
Loss	[330]	360	-360
Win	[260]	360	-342
Win	[290]	360	-348
Win	[250]	360	-354
Win	[300]	360	-342
Win	[310]	360	-348
Dogfall	500.0	360	-339
Win	[210]	360	-336
Win	[280]	360	-348
Win	[210]	360	-342
Win	[220]	360	-333
Loss	[280]	360	-360
Win	[350]	360	-354
Win	[130]	360	-339
Loss	[230]	360	-360
Loss	[300]	360	-360
Win	[300]	360	-354
Win	[300]	360	-354
Win	[270]	360	-345
Loss	[290]	360	-360
Loss	[300]	360	-360
Loss	[260]	360	-360
Loss	[270]	360	-360
Win	[280]	360	-336
Win	[260]	360	-333
Loss	[310]	360	-360
Loss	[260]	360	-360
Win	[270]	360	-348
Win	[250]	360	-348
Win	[320]	360	-357
Win	[290]	360	-357
Loss	[280]	360	-360
Loss	[280]	360	-360
Loss	[290]	360	-360
Win	[300]	360	-354
Win	[170]	360	-345
Loss	[280]	360	-360
Win	[240]	360	-339
Loss	[290]	360	-360
Loss	[380]	360	-360
Win	[270]	360	-345
Loss	[270]	360	-360
Loss	[310]	360	-360
Dogfall	500.0	360	-351
Loss	[190]	360	-360
Win	[290]	360	-345
Loss	[290]	360	-360
Loss	[280]	360	-360
Dogfall	500.0	360	-345
Win	[170]	360	-345
Loss	[280]	360	-360
Win	[290]	360	-339
Win	[290]	360	-354
Win	[170]	360	-324
Win	[270]	360	-339
Win	[280]	360	-351
Win	[290]	360	-339
Dogfall	500.0	360	-351
Loss	[290]	360	-360
Loss	[290]	360	-360
Win	[300]	360	-345
Loss	[260]	360	-360
Win	[260]	360	-339
Win	[220]	360	-345
Loss	[270]	360	-360
Dogfall	500.0	360	-342
Loss	[150]	360	-360
Loss	[290]	360	-360
Dogfall	500.0	360	-336
Win	[290]	360	-342
Win	[300]	360	-345
Dogfall	500.0	360	-333
Win	[280]	360	-351
Win	[330]	360	-342
Loss	[300]	360	-360
Loss	[330]	360	-360
Win	[150]	360	-339
Win	[290]	360	-348
Win	[320]	360	-354
Loss	[290]	360	-360
Win	[210]	360	-333
Dogfall	500.0	360	-339
Loss	[290]	360	-360
Win	[250]	360	-354
Win	[330]	360	-357
Win	[310]	360	-351
Win	[270]	360	-339
Win	[300]	360	-351
Loss	[170]	360	-360
Win	[290]	360	-345
Win	[240]	360	-342
Win	[280]	360	-336
Loss	[340]	360	-360
Win	[350]	360	-342
Loss	[290]	360	-360
Win	[260]	360	-336
Loss	[280]	360	-360
Win	[280]	360	-336
Loss	[260]	360	-360
Win	[280]	360	-345
Win	[290]	360	-354
Loss	[260]	360	-360
Win	[280]	360	-345
Loss	[270]	360	-360
Win	[240]	360	-336
Win	[250]	360	-339
Win	[260]	360	-351
Loss	[360]	360	-360
Loss	[290]	360	-360
Loss	[320]	360	-360
Win	[310]	360	-348
Win	[300]	360	-357
Loss	[310]	360	-360
Win	[290]	360	-345
Win	[280]	360	-348
Loss	[280]	360	-360
Win	[280]	360	-348
Loss	[310]	360	-360
Loss	[300]	360	-360
Loss	[280]	360	-360
Win	[270]	360	-342
Loss	[270]	360	-360
Loss	[270]	360	-360
Loss	[340]	360	-360
Win	[280]	360	-354
Loss	[270]	360	-360
Dogfall	500.0	360	-351
Dogfall	500.0	360	-333
Dogfall	500.0	357	-357
Win	[310]	360	-357
Dogfall	500.0	360	-351
Win	[270]	360	-351
Win	[280]	360	-342
Loss	[320]	360	-360
Dogfall	500.0	360	-357
Loss	[210]	360	-360
Win	[290]	360	-342
Win	[210]	360	-348
Win	[280]	360	-345
Loss	[300]	360	-360
Win	[300]	360	-351
Loss	[310]	360	-360
Win	[310]	360	-357
Win	[150]	360	-327
Win	[290]	360	-330
Loss	[290]	360	-360
Loss	[330]	360	-360
Win	[260]	360	-351
Loss	[330]	360	-360
Win	[250]	360	-342
Win	[290]	360	-336
Win	[270]	360	-351
Dogfall	500.0	360	-339
Loss	[290]	360	-360
Win	[260]	360	-342
Loss	[250]	360	-360
Win	[270]	360	-342
Loss	[300]	360	-360
Win	[300]	360	-354
Loss	[230]	360	-360
Win	[280]	360	-357
Loss	[330]	360	-360
Loss	[280]	360	-360
Dogfall	500.0	360	-336
Win	[270]	360	-342
Loss	[280]	360	-360
Loss	[240]	360	-360
Win	[280]	360	-348
Loss	[300]	360	-360
Win	[310]	360	-357
Win	[310]	360	-339
Win	[240]	360	-351
Loss	[240]	360	-360
Loss	[280]	360	-360
Loss	[280]	360	-360
Loss	[310]	360	-360
Loss	[250]	360	-360
Win	[190]	360	-345
Loss	[270]	360	-360
Loss	[340]	360	-360
Dogfall	500.0	360	-333
Win	[150]	360	-342
Dogfall	500.0	360	-342
Loss	[210]	360	-360
Loss	[220]	360	-360
Win	[280]	360	-354
Loss	[280]	360	-360
Loss	[200]	360	-360
Loss	[300]	360	-360
Loss	[300]	360	-360
Dogfall	500.0	360	-351
Win	[250]	360	-336
Loss	[230]	360	-360
Win	[260]	360	-351
Loss	[270]	360	-360
Loss	[280]	360	-360
Loss	[280]	360	-360
Loss	[240]	360	-360
Loss	[260]	360	-360
Loss	[280]	360	-360
Dogfall	500.0	360	-354
Loss	[220]	360	-360
Win	[160]	360	-339
Win	[300]	360	-357
Loss	[220]	360	-360
Loss	[310]	360	-360
Loss	[280]	360	-360
Win	[280]	360	-345
Loss	[250]	360	-360
Loss	[360]	360	-360
Win	[300]	360	-357
Loss	[270]	360	-360
Win	[290]	360	-345
Dogfall	500.0	360	-351
Loss	[280]	360	-360
Win	[270]	360	-345
Loss	[280]	360	-360
Loss	[290]	360	-360
Win	[280]	360	-348
Loss	[280]	360	-360
Win	[300]	360	-357
Win	[230]	360	-327
Win	[240]	360	-330
Win	[290]	360	-354
Loss	[300]	360	-360
Win	[380]	360	-351
Loss	[310]	360	-360
Loss	[300]	360	-360
Loss	[140]	360	-360
Loss	[300]	360	-360
Win	[280]	360	-336
Win	[250]	360	-354
Win	[300]	360	-357
Win	[280]	360	-342
Loss	[290]	360	-360
Dogfall	500.0	360	-345
Loss	[280]	360	-360
Win	[260]	360	-351
Loss	[270]	360	-360
Loss	[170]	360	-360
Win	[260]	360	-354
Dogfall	500.0	360	-342
Win	[280]	360	-354
Dogfall	500.0	351	-357
Loss	[350]	360	-360
Dogfall	500.0	345	-357
Loss	[280]	360	-360
Win	[330]	360	-357
Dogfall	500.0	360	-336
Win	[310]	360	-348
Loss	[270]	360	-360
Win	[320]	360	-354
Win	[270]	360	-342
Win	[150]	360	-342
