Dogfall	300	133	-165
Loss	300	96	-180
Dogfall	300	127	-110
Win	[220]	140	-100
Win	[180]	140	-45
Dogfall	300	139	-120
Win	[160]	140	-95
Win	[280]	140	-90
Win	[260]	140	-100
Dogfall	300	122	-155
Win	[180]	140	-70
Dogfall	300	133	-145
Win	[220]	140	-90
Win	[280]	140	-115
Win	[200]	140	-70
Win	[220]	140	-135
Win	[160]	140	-55
Win	[220]	140	-110
Win	[220]	140	-85
Win	[160]	140	-60
Loss	300	106	-180
Win	[280]	140	-100
Win	[180]	140	-60
Win	300	140	-155
Dogfall	300	117	-145
Win	[220]	140	-90
Win	[240]	140	-115
Dogfall	300	84	-120
Win	[240]	140	-95
Win	[180]	140	-100
Win	[280]	140	-135
Dogfall	300	96	-175
Win	[280]	140	-120
Win	[240]	140	-100
Dogfall	300	128	-175
Win	[260]	140	-55
Win	[180]	140	-60
Win	[180]	140	-70
Dogfall	300	128	-170
Win	[180]	140	-75
Dogfall	300	139	-135
Loss	300	125	-180
Win	[240]	140	-80
Win	[200]	140	-60
Win	[180]	140	-65
Win	[240]	140	-125
Win	[200]	140	-60
Win	300	140	-145
Win	[220]	140	-115
Win	[260]	140	-135
Dogfall	300	129	-35
Win	[240]	140	-105
Win	[200]	140	-80
Win	[180]	140	-60
Win	[200]	140	-100
Dogfall	300	140	-35
Win	[200]	140	-80
Win	[200]	140	-95
Dogfall	300	106	-150
Win	[180]	140	-100
Win	[220]	140	-100
Win	[180]	140	-105
Win	[260]	140	-80
Win	[220]	140	-100
Win	[240]	140	-65
Loss	[260]	96	-180
Win	[260]	140	-110
Loss	[260]	109	-180
Win	[260]	140	-40
Win	[240]	140	-85
Win	[180]	140	-105
Loss	[260]	87	-180
Dogfall	300	134	-135
Win	300	140	-90
Loss	300	130	-180
Win	300	140	-130
Win	[260]	140	-90
Win	[260]	140	-125
Win	[260]	140	-160
Win	[180]	140	-90
Win	[240]	140	-85
Win	[240]	140	-65
Win	[260]	140	-100
Win	300	140	-120
Win	[200]	140	-80
Win	[280]	140	-25
Win	[240]	140	-110
Win	[260]	140	-160
Win	[260]	140	-100
Win	[220]	140	-125
Win	[240]	140	-95
Loss	300	95	-180
Win	[240]	140	-130
Dogfall	300	138	-165
Win	[180]	140	-70
Win	[240]	140	-125
Win	[220]	140	-90
Win	[240]	140	-120
Dogfall	300	133	-165
Win	[180]	140	-85
Win	[180]	140	-25
Loss	[280]	41	-180
Win	[220]	140	-60
Win	[240]	140	-150
Win	[200]	140	-80
Win	[180]	140	-105
Win	[180]	140	-50
Win	[240]	140	-95
Win	[180]	140	-70
Dogfall	300	140	-30
Dogfall	300	140	-10
Win	[180]	140	-90
Win	[260]	140	-125
Win	[200]	140	-100
Win	[180]	140	-70
Win	[240]	140	-110
Win	[280]	140	-110
Dogfall	300	114	-100
Win	[220]	140	-90
Win	[200]	140	-120
Win	[240]	140	-145
Win	300	140	-115
Win	[180]	140	-65
Win	[160]	140	-90
Loss	[260]	111	-180
Win	[160]	140	-70
Dogfall	300	120	-165
Win	[280]	140	-110
Win	[260]	140	-80
Win	[200]	140	-105
Win	[200]	140	-80
Win	[260]	140	-125
Win	[200]	140	-80
Win	300	140	-140
Win	[260]	140	-160
Win	[280]	140	-130
Win	[260]	140	-115
Win	[160]	140	-55
Win	[200]	140	-40
Win	[280]	140	-35
Win	[200]	140	-75
Win	[200]	140	-75
Win	[200]	140	-95
Win	[200]	140	-70
Win	[260]	140	-135
Dogfall	300	121	-175
Loss	300	111	-180
Dogfall	300	102	-160
Win	[220]	140	-110
Loss	300	101	-180
Dogfall	300	123	-160
Win	[160]	140	-50
Win	[200]	140	-90
Win	[220]	140	-80
Win	[220]	140	-65
Dogfall	300	132	-170
Win	[200]	140	-35
Win	[260]	140	-105
Dogfall	300	138	-150
Win	[200]	140	-75
Win	[220]	140	-75
Win	[180]	140	-70
Win	[200]	140	-110
Win	[160]	140	-90
Win	[220]	140	-95
Win	[200]	140	-85
Win	[220]	140	-80
Win	[200]	140	-75
Dogfall	300	140	-35
Win	300	140	-150
Win	[220]	140	-100
Win	[180]	140	-20
Win	[220]	140	-135
Win	[200]	140	-70
Win	[240]	140	-95
Win	[200]	140	-105
Win	[160]	140	-45
Loss	[280]	118	-180
Win	[240]	140	-90
Win	[200]	140	-65
Win	[240]	140	-105
Win	[260]	140	-155
Win	[280]	140	-95
Win	[220]	140	-75
Win	[220]	140	-130
Dogfall	300	138	-165
Win	300	140	-130
Win	[200]	140	-90
Win	[200]	140	-80
Dogfall	300	120	-155
Win	[240]	140	-135
Win	[200]	140	-60
Win	[280]	140	-160
Win	[200]	140	-60
Win	[200]	140	-75
Dogfall	300	132	-175
Win	[160]	140	-55
Win	[200]	140	-75
Win	[220]	140	-80
Dogfall	300	140	-50
Win	[260]	140	-125
Win	[280]	140	-105
Win	[200]	140	-85
Win	300	140	-50
Win	[180]	140	-45
Win	[220]	140	-105
Win	[280]	140	-160
Win	[260]	140	-125
Win	[240]	140	-35
Win	[280]	140	-145
Win	[200]	140	-115
Dogfall	300	139	-125
Loss	300	91	-180
Win	[220]	140	-105
Win	[220]	140	-125
Win	[220]	140	-120
Win	[220]	140	-75
Win	[260]	140	-135
Win	[240]	140	-125
Win	[180]	140	-65
Win	[220]	140	-85
Win	[220]	140	-100
Dogfall	300	109	-160
Win	[200]	140	-95
Win	[220]	140	-75
Dogfall	300	129	-145
Win	[220]	140	-75
Win	[220]	140	-80
Win	[260]	140	-140
Dogfall	300	139	-155
Win	[180]	140	-50
Win	[220]	140	-110
Loss	[280]	100	-180
Win	[200]	140	-75
Win	[180]	140	-95
Dogfall	300	139	-115
Dogfall	300	99	-125
Win	[200]	140	-50
Dogfall	300	140	-115
Win	[180]	140	-70
Dogfall	300	103	-165
Win	[180]	140	-50
Win	[180]	140	-85
Win	[200]	140	-80
Win	[200]	140	-75
Win	[240]	140	-105
Win	[220]	140	-50
Win	[180]	140	-60
Win	[260]	140	-85
Win	[240]	140	-95
Dogfall	300	123	-55
Win	[240]	140	-90
Win	[240]	140	-85
Win	[180]	140	-40
Win	[200]	140	-75
Win	[280]	140	-105
Win	[200]	140	-55
Win	[260]	140	-125
Win	[220]	140	-70
Win	[240]	140	-80
Win	[240]	140	-120
Win	[260]	140	-95
Win	[280]	140	-110
Win	[280]	140	-85
Win	[220]	140	-95
Win	[220]	140	-115
Loss	300	96	-180
Win	300	140	-115
Dogfall	300	114	-115
Win	[180]	140	-50
Win	[220]	140	-135
Dogfall	300	132	-160
Win	[240]	140	-120
Win	[260]	140	-130
Win	[200]	140	-70
Win	[200]	140	-95
Dogfall	300	131	-125
Win	[200]	140	-105
Win	[240]	140	-105
Win	300	140	-40
Dogfall	300	115	-160
Win	[140]	140	-40
Dogfall	300	91	-145
Win	[200]	140	-110
Win	[260]	140	-40
Win	[220]	140	-70
Win	[220]	140	-75
Win	[200]	140	-85
Win	[180]	140	-30
Win	[180]	140	-65
Dogfall	300	140	-45
Win	[240]	140	-80
Win	[220]	140	-95
Win	[200]	140	-75
Dogfall	300	126	-120
Win	[260]	140	-85
Win	[220]	140	-80
Dogfall	300	140	-5
Win	[200]	140	-90
Win	[240]	140	-110
Win	[280]	140	-95
Win	[220]	140	-40
Win	[220]	140	-110
Win	[280]	140	-135
Win	[220]	140	-65
Dogfall	300	46	-15
Win	[220]	140	-100
Win	[260]	140	-105
Win	[200]	140	-95
Win	[260]	140	-135
Win	[180]	140	-65
Win	[180]	140	-65
Dogfall	300	134	-115
Win	[180]	140	-100
Win	[220]	140	-80
Win	[180]	140	-55
Win	[240]	140	-90
Win	[220]	140	-90
Dogfall	300	111	-150
Loss	[280]	99	-180
Win	[200]	140	-85
Win	[260]	140	-120
Win	[180]	140	-40
Win	[280]	140	-105
Win	[240]	140	-135
Win	[220]	140	-80
Win	[260]	140	-70
Win	300	140	-105
Dogfall	300	102	-135
Win	[180]	140	-60
Win	[200]	140	-95
Win	[180]	140	-55
Win	[180]	140	-115
Win	[200]	140	-35
Win	[240]	140	-90
Win	[260]	140	-70
Win	[240]	140	-70
Win	[280]	140	-130
Win	[220]	140	-105
Win	[260]	140	-115
Win	[180]	140	-100
Dogfall	300	132	-160
Win	[220]	140	-105
Win	300	140	-145
Win	[240]	140	-85
Win	[180]	140	-65
Loss	300	78	-180
Win	[280]	140	-145
Win	300	140	-150
Win	[180]	140	-85
Dogfall	300	115	-140
Loss	[280]	71	-180
Win	[240]	140	-75
Win	[280]	140	-120
Dogfall	300	128	-120
Win	[240]	140	-80
Dogfall	300	133	-140
Win	[240]	140	-100
Dogfall	300	122	-175
Win	300	140	-25
Win	[240]	140	-120
Win	[220]	140	-70
Dogfall	300	105	-20
Win	300	140	-95
Win	[220]	140	-85
Win	[200]	140	-90
Win	[220]	140	-95
Dogfall	300	140	-100
Dogfall	300	138	-115
Loss	[260]	67	-180
Win	[200]	140	-105
Win	[240]	140	-120
Win	[180]	140	-35
Win	[180]	140	-45
Win	300	140	-130
Win	[220]	140	-80
Dogfall	300	138	-150
Win	[280]	140	-115
Win	[180]	140	-65
Win	[260]	140	-130
Win	[280]	140	-130
Win	[200]	140	-60
Win	[280]	140	-140
Win	[240]	140	-115
Dogfall	300	128	-140
Win	[180]	140	-90
Win	[180]	140	-85
Win	[220]	140	-125
Dogfall	300	134	-175
Win	[180]	140	-50
Win	300	140	-150
Win	[280]	140	-160
Win	[220]	140	-115
Dogfall	300	129	-145
Win	[240]	140	-95
Win	[220]	140	-80
Dogfall	300	124	-140
Win	[260]	140	-100
Win	300	140	-155
Win	[280]	140	-130
Loss	300	98	-180
Win	[240]	140	-125
Win	[200]	140	-65
Win	[180]	140	-75
Win	[280]	140	-145
Win	[200]	140	-80
Win	[180]	140	-80
Win	[260]	140	-120
Win	[220]	140	-85
Win	[180]	140	-70
Win	[220]	140	-105
Dogfall	300	74	-145
Dogfall	300	117	-155
Win	[220]	140	-95
Win	[220]	140	-85
Dogfall	300	113	-135
Win	[200]	140	-70
Win	[280]	140	-155
Win	[280]	140	-110
Win	[180]	140	-25
Win	[220]	140	-100
Win	[200]	140	-30
Win	[220]	140	-105
Win	[200]	140	-75
Win	[260]	140	-125
Win	[200]	140	-75
Win	[200]	140	-85
Dogfall	300	129	-50
Dogfall	300	139	-85
Win	[260]	140	-90
Dogfall	300	128	-120
Dogfall	300	95	-170
Win	[240]	140	-165
Win	[280]	140	-80
Win	[200]	140	-110
Win	[240]	140	-90
Win	[220]	140	-105
Loss	[280]	106	-180
Loss	[240]	140	-180
Dogfall	300	134	-130
Loss	[280]	122	-180
Win	[180]	140	-60
Win	[240]	140	-95
Win	[220]	140	-65
Win	[200]	140	-90
Win	[180]	140	-65
Dogfall	300	138	-145
Win	[200]	140	-60
Win	[220]	140	-80
Win	[240]	140	-110
Loss	[280]	114	-180
Win	[240]	140	-75
Win	[240]	140	-125
Win	[280]	140	-125
Dogfall	300	114	-170
Win	[280]	140	-150
Dogfall	300	133	-100
Win	[220]	140	-95
Win	[220]	140	-80
Loss	[280]	106	-180
Dogfall	300	140	-15
Win	[200]	140	-90
Win	[260]	140	-140
Win	[200]	140	-75
Dogfall	300	137	-170
Win	300	140	-145
Win	[260]	140	-120
Loss	[280]	93	-180
Win	[180]	140	-65
Dogfall	300	128	-175
Dogfall	300	122	-150
Win	[200]	140	-60
Win	[180]	140	-55
Win	[260]	140	-20
Win	[220]	140	-95
Win	[220]	140	-85
Win	[200]	140	-45
Win	[260]	140	-120
Win	[260]	140	-140
Win	[200]	140	-90
Dogfall	300	139	-155
Win	[220]	140	-100
Win	[280]	140	-130
Win	[220]	140	-100
Win	[220]	140	-110
Loss	300	104	-180
Loss	300	104	-180
Win	[200]	140	-85
Win	[200]	140	-110
Win	[220]	140	-80
Win	[180]	140	-65
Win	[180]	140	-60
Win	[180]	140	-95
Loss	[280]	110	-180
Loss	[260]	96	-180
Win	[200]	140	-50
Win	[200]	140	-65
Win	[240]	140	-115
Win	300	140	-150
Win	[220]	140	-95
