0.00 0.00 0.00 0.00 0.00 0.00 0.00 0.00 0.00 0.00 0.00
0.00 0.00 0.00 0.00 0.00 0.00 0.00 0.00 0.00 0.00 0.00
0.00 0.00 -1.00 -1.00 -1.00 -1.00 -1.00 -1.00 -1.00 0.00 0.00
0.00 0.00 -1.00 -5.00 20.00 -5.00 -5.00 -5.00 -1.00 0.00 0.00
0.00 0.00 -1.00 -5.00 11.00 -14.00 -14.00 -5.00 -1.00 0.00 0.00
0.00 0.00 -1.00 -5.00 11.00 -16.00 -14.00 -5.00 -1.00 0.00 0.00
0.00 0.00 -1.00 -5.00 -14.00 -14.00 -14.00 -5.00 -1.00 0.00 0.00
0.00 0.00 -1.00 -5.00 -5.00 -5.00 -5.00 -5.00 -1.00 0.00 0.00
0.00 0.00 -1.00 -1.00 -1.00 -1.00 -1.00 -1.00 -1.00 0.00 0.00
0.00 0.00 0.00 0.00 0.00 0.00 0.00 0.00 0.00 0.00 0.00
0.00 0.00 0.00 0.00 0.00 0.00 0.00 0.00 0.00 0.00 0.00
