Win	[160]	180	-147
Win	[190]	180	-165
Win	[180]	180	-147
Win	[180]	180	-153
Win	[120]	180	-132
Win	[170]	180	-162
Win	[160]	180	-156
Win	[110]	180	-126
Win	[150]	180	-147
Win	[170]	180	-159
Win	[200]	180	-171
Win	[120]	180	-135
Win	[130]	180	-138
Loss	[170]	180	-180
Win	[200]	180	-171
Win	[180]	180	-168
Win	[110]	180	-129
Win	[170]	180	-156
Win	[120]	180	-129
Win	[120]	180	-129
Win	[160]	180	-150
Win	[110]	180	-126
Win	[160]	180	-150
Win	[130]	180	-138
Win	[140]	180	-135
Win	[110]	180	-120
Win	[160]	180	-150
Win	[130]	180	-132
Win	[150]	180	-138
Win	[160]	180	-150
Loss	[180]	180	-180
Win	[170]	180	-147
Win	[210]	180	-177
Win	[120]	180	-129
Win	[180]	180	-159
Win	[200]	180	-177
Win	[150]	180	-144
Loss	[190]	180	-180
Win	[210]	180	-177
Win	[130]	180	-129
Win	[150]	180	-144
Win	[160]	180	-150
Win	[160]	180	-150
Win	[220]	180	-171
Win	[220]	180	-171
Loss	[220]	177	-180
Loss	[180]	180	-180
Win	[160]	180	-144
Loss	[190]	180	-180
Loss	[170]	180	-180
Win	[170]	180	-156
Win	[110]	180	-129
Win	[150]	180	-144
Win	[150]	180	-150
Win	[160]	180	-162
Win	[110]	180	-126
Win	[160]	180	-156
Win	[200]	180	-159
Win	[130]	180	-129
Win	[150]	180	-144
Win	[150]	180	-144
Win	[180]	180	-165
Win	[120]	180	-126
Win	[150]	180	-144
Win	[180]	180	-171
Win	[200]	180	-177
Win	[130]	180	-129
Win	[180]	180	-159
Win	[150]	180	-156
Win	[110]	180	-126
Win	[120]	180	-132
Loss	[180]	180	-180
Win	[170]	180	-159
Win	[160]	180	-141
Win	[120]	180	-132
Win	[160]	180	-141
Win	[180]	180	-159
Win	[120]	180	-123
Win	[130]	180	-138
Win	[140]	180	-141
Win	[120]	180	-123
Win	[160]	180	-150
Win	[170]	180	-147
Win	[150]	180	-144
Win	[150]	180	-144
Win	[200]	180	-171
Win	[150]	180	-138
Loss	[190]	180	-180
Win	[170]	180	-153
Win	[160]	180	-141
Win	[150]	180	-132
Win	[120]	180	-126
Win	[120]	180	-117
Win	[130]	180	-138
Win	[160]	180	-144
Win	[160]	180	-141
Win	[150]	180	-132
Win	[150]	180	-147
Win	[180]	180	-153
Win	[180]	180	-153
Win	[120]	180	-129
Win	[120]	180	-126
Win	[160]	180	-144
Win	[160]	180	-144
Win	[120]	180	-135
Win	[150]	180	-138
Win	[110]	180	-129
Win	[110]	180	-114
Win	[160]	180	-141
Win	[150]	180	-129
Win	[210]	180	-171
Win	[180]	180	-171
Win	[130]	180	-135
Win	[200]	180	-177
Win	[170]	180	-153
Win	[190]	180	-153
Win	[160]	180	-147
Win	[110]	180	-126
Win	[210]	180	-171
Loss	[170]	180	-180
Win	[130]	180	-117
Win	[130]	180	-138
Win	[120]	180	-129
Win	[140]	180	-129
Win	[110]	180	-126
Win	[120]	180	-129
Win	[190]	180	-165
Win	[180]	180	-153
Win	[210]	180	-177
Win	[200]	180	-171
Win	[130]	180	-129
Win	[180]	180	-153
Win	[120]	180	-129
Win	[170]	180	-156
Win	[120]	180	-117
Win	[150]	180	-138
Win	[180]	180	-159
Win	[130]	180	-129
Win	[130]	180	-129
Win	[180]	180	-141
Loss	[170]	180	-180
Win	[160]	180	-153
Win	[160]	180	-150
Loss	[170]	180	-180
Win	[160]	180	-147
Win	[130]	180	-132
Win	[150]	180	-150
Win	[170]	180	-159
Win	[180]	180	-153
Win	[170]	180	-153
Win	[180]	180	-153
Win	[190]	180	-159
Win	[120]	180	-129
Win	[170]	180	-147
Win	[130]	180	-135
Win	[170]	180	-159
Win	[220]	180	-177
Win	[120]	180	-111
Loss	[240]	177	-180
Loss	[210]	180	-180
Loss	[180]	180	-180
Win	[130]	180	-129
Loss	[190]	180	-180
Win	[220]	180	-165
Win	[160]	180	-141
Win	[170]	180	-159
Win	[170]	180	-147
Win	[150]	180	-138
Win	[190]	180	-165
Win	[160]	180	-162
Win	[120]	180	-132
Win	[170]	180	-153
Win	[130]	180	-135
Win	[110]	180	-129
Win	[190]	180	-147
Win	[190]	180	-165
Win	[130]	180	-132
Win	[130]	180	-132
Win	[140]	180	-144
Win	[130]	180	-123
Win	[120]	180	-123
Win	[210]	180	-171
Win	[190]	180	-153
Win	[180]	180	-159
Win	[170]	180	-156
Win	[220]	180	-177
Win	[200]	180	-171
Win	[160]	180	-150
Win	[130]	180	-132
Loss	[180]	180	-180
Win	[180]	180	-159
Win	[180]	180	-153
Win	[130]	180	-129
Win	[150]	180	-144
Win	[180]	180	-147
Win	[110]	180	-129
Win	[130]	180	-135
Win	[120]	180	-123
Win	[180]	180	-162
Win	[150]	180	-138
Win	[180]	180	-174
Win	[120]	180	-129
Win	[150]	180	-132
Win	[170]	180	-147
Win	[160]	180	-138
Win	[120]	180	-123
Win	[130]	180	-123
Win	[130]	180	-123
Loss	[160]	180	-180
Win	[140]	180	-132
Win	[130]	180	-123
Win	[170]	180	-168
Win	[210]	180	-177
Win	[140]	180	-135
Win	[180]	180	-153
Win	[160]	180	-150
Win	[120]	180	-123
Win	[130]	180	-123
Win	[180]	180	-159
Win	[170]	180	-147
Win	[200]	180	-177
Win	[120]	180	-117
Win	[130]	180	-129
Win	[150]	180	-141
Win	[170]	180	-150
Win	[160]	180	-153
Win	[170]	180	-162
Win	[120]	180	-135
Win	[110]	180	-129
Win	[150]	180	-144
Win	[120]	180	-129
Win	[150]	180	-144
Win	[120]	180	-123
Loss	[190]	180	-180
Win	[150]	180	-144
Win	[120]	180	-138
Win	[110]	180	-123
Win	[140]	180	-132
Win	[110]	180	-120
Win	[150]	180	-150
Win	[120]	180	-126
Win	[150]	180	-138
Win	[200]	180	-171
Win	[110]	180	-114
Win	[120]	180	-123
Win	[200]	180	-159
Win	[150]	180	-132
Win	[130]	180	-135
Win	[160]	180	-144
Win	[130]	180	-135
Win	[120]	180	-117
Win	[180]	180	-162
Win	[120]	180	-117
Win	[170]	180	-144
Win	[170]	180	-156
Win	[200]	180	-156
Win	[160]	180	-138
Win	[150]	180	-150
Loss	[180]	180	-180
Win	[150]	180	-138
Loss	[180]	180	-180
Win	[160]	180	-144
Win	[120]	180	-129
Win	[160]	180	-144
Win	[160]	180	-138
Win	[120]	180	-123
Win	[120]	180	-123
Win	[140]	180	-120
Win	[180]	180	-150
Win	[120]	180	-117
Win	[160]	180	-144
Win	[120]	180	-117
Win	[160]	180	-144
Win	[160]	180	-144
Win	[160]	180	-144
Win	[150]	180	-138
Win	[120]	180	-123
Win	[160]	180	-138
Win	[150]	180	-144
Win	[120]	180	-123
Win	[130]	180	-117
Win	[220]	180	-177
Win	[140]	180	-120
Win	[130]	180	-129
Win	[120]	180	-129
Win	[170]	180	-150
Win	[160]	180	-144
Win	[120]	180	-117
Win	[160]	180	-144
Win	[160]	180	-138
Win	[150]	180	-132
Win	[160]	180	-144
Win	[120]	180	-117
Win	[120]	180	-123
Win	[190]	180	-165
Win	[160]	180	-132
Win	[170]	180	-144
Win	[140]	180	-132
Win	[160]	180	-150
Win	[160]	180	-144
Win	[120]	180	-111
Win	[160]	180	-150
Win	[120]	180	-117
Win	[140]	180	-126
Win	[130]	180	-132
Win	[130]	180	-123
Win	[130]	180	-129
Win	[170]	180	-162
Win	[160]	180	-150
Win	[180]	180	-171
Win	[150]	180	-132
Loss	[210]	177	-180
Win	[130]	180	-123
Win	[160]	180	-144
Win	[170]	180	-144
Win	[160]	180	-144
Win	[120]	180	-123
Win	[110]	180	-114
Win	[120]	180	-117
Win	[160]	180	-144
Win	[120]	180	-123
Win	[160]	180	-144
Win	[110]	180	-117
Win	[150]	180	-138
Win	[120]	180	-117
Win	[150]	180	-132
Win	[120]	180	-117
Win	[120]	180	-123
Win	[160]	180	-144
Win	[170]	180	-162
Win	[120]	180	-129
Win	[160]	180	-156
Win	[160]	180	-150
Win	[150]	180	-138
Win	[190]	180	-153
Win	[160]	180	-144
Win	[150]	180	-138
Win	[140]	180	-126
Win	[120]	180	-123
Win	[120]	180	-123
Win	[180]	180	-150
Win	[170]	180	-144
Win	[140]	180	-129
Win	[120]	180	-123
Win	[120]	180	-132
Win	[110]	180	-114
Win	[160]	180	-156
Win	[120]	180	-123
Win	[120]	180	-117
Win	[160]	180	-144
Win	[130]	180	-117
Win	[150]	180	-132
Win	[150]	180	-138
Win	[140]	180	-144
Win	[120]	180	-123
Win	[130]	180	-117
Win	[160]	180	-129
Win	[120]	180	-123
Win	[160]	180	-144
Win	[150]	180	-120
Win	[120]	180	-111
Win	[130]	180	-129
Win	[120]	180	-129
Win	[130]	180	-117
Win	[150]	180	-144
Win	[130]	180	-132
Win	[170]	180	-150
Win	[170]	180	-156
Win	[110]	180	-123
Win	[120]	180	-117
Win	[140]	180	-147
Win	[190]	180	-153
Win	[170]	180	-156
Win	[190]	180	-159
Win	[120]	180	-117
Win	[150]	180	-138
Win	[160]	180	-153
Loss	[180]	180	-180
Win	[190]	180	-159
Win	[120]	180	-129
Win	[170]	180	-156
Win	[150]	180	-141
Win	[140]	180	-117
Win	[160]	180	-144
Win	[130]	180	-117
Win	[190]	180	-153
Win	[140]	180	-129
Win	[130]	180	-132
Win	[140]	180	-138
Win	[170]	180	-162
Win	[120]	180	-123
Win	[150]	180	-150
Win	[140]	180	-117
Win	[120]	180	-111
Win	[150]	180	-138
Win	[140]	180	-117
Win	[120]	180	-123
Win	[120]	180	-126
Win	[130]	180	-129
Win	[150]	180	-132
Win	[120]	180	-117
Win	[120]	180	-123
Win	[130]	180	-129
Win	[120]	180	-117
Win	[160]	180	-144
Win	[120]	180	-132
Win	[120]	180	-123
Win	[160]	180	-150
Win	[120]	180	-111
Win	[190]	180	-153
Win	[160]	180	-144
Win	[110]	180	-126
Win	[120]	180	-132
Win	[130]	180	-132
Win	[140]	180	-117
Win	[160]	180	-132
Win	[120]	180	-129
Win	[110]	180	-123
Win	[110]	180	-120
Win	[110]	180	-126
Win	[140]	180	-111
Win	[110]	180	-123
Win	[140]	180	-123
Win	[140]	180	-117
Win	[120]	180	-117
Win	[120]	180	-117
Win	[140]	180	-123
Win	[140]	180	-126
Win	[140]	180	-132
Win	[110]	180	-126
Win	[120]	180	-117
Win	[120]	180	-129
Win	[120]	180	-123
Win	[120]	180	-132
Win	[140]	180	-123
Win	[140]	180	-126
Win	[120]	180	-123
Win	[130]	180	-126
Win	[120]	180	-123
Win	[120]	180	-129
Win	[150]	180	-138
Win	[130]	180	-123
Win	[170]	180	-147
Win	[120]	180	-123
Win	[150]	180	-126
Win	[140]	180	-135
Win	[120]	180	-117
Win	[200]	180	-177
Win	[130]	180	-117
Win	[130]	180	-123
Win	[150]	180	-144
Win	[200]	180	-171
Win	[160]	180	-144
Win	[120]	180	-123
Win	[160]	180	-144
Win	[120]	180	-117
Win	[130]	180	-114
Win	[160]	180	-138
Win	[130]	180	-129
Win	[120]	180	-111
Win	[120]	180	-123
Win	[180]	180	-141
Win	[120]	180	-111
Win	[120]	180	-123
Win	[150]	180	-144
Win	[130]	180	-126
Win	[120]	180	-117
Win	[150]	180	-138
Win	[120]	180	-132
Win	[120]	180	-132
Win	[210]	180	-177
Win	[160]	180	-144
Loss	[220]	177	-180
Win	[120]	180	-117
Loss	[220]	177	-180
Win	[150]	180	-138
Loss	[200]	180	-180
Win	[110]	180	-117
Win	[140]	180	-129
Win	[160]	180	-144
Win	[120]	180	-117
Win	[110]	180	-129
Win	[160]	180	-144
Win	[140]	180	-123
Win	[180]	180	-174
Win	[120]	180	-123
Win	[120]	180	-129
Win	[170]	180	-156
Win	[120]	180	-126
Win	[160]	180	-144
Win	[150]	180	-132
Win	[160]	180	-150
Win	[150]	180	-129
Win	[160]	180	-150
Win	[170]	180	-162
Win	[170]	180	-156
Win	[160]	180	-150
Win	[180]	180	-165
Win	[130]	180	-126
