Loss	[130]	180	-180
Win	[140]	180	-162
Win	[130]	180	-129
Loss	[170]	180	-180
Loss	[140]	180	-180
Loss	[140]	180	-180
Loss	[160]	180	-180
Win	[140]	180	-174
Win	[180]	180	-177
Win	[160]	180	-171
Win	[190]	180	-177
Loss	[190]	180	-180
Loss	[110]	180	-180
Win	[140]	180	-147
Win	[140]	180	-153
Loss	[180]	180	-180
Win	[180]	180	-159
Loss	[170]	180	-180
Loss	[140]	180	-180
Win	[180]	180	-177
Win	[180]	180	-177
Win	[140]	180	-156
Win	[170]	180	-171
Loss	[180]	180	-180
Win	[190]	180	-177
Win	[190]	180	-171
Win	[150]	180	-150
Win	[190]	180	-177
Loss	[160]	180	-180
Win	[190]	180	-177
Win	[140]	180	-147
Loss	[170]	180	-180
Loss	[180]	180	-180
Loss	[170]	180	-180
Win	[140]	180	-156
Win	[190]	180	-177
Win	[160]	180	-168
Win	[180]	180	-165
Loss	[130]	180	-180
Loss	[160]	180	-180
Win	[200]	180	-165
Loss	[170]	180	-180
Win	[170]	180	-162
Loss	[140]	180	-180
Win	[140]	180	-132
Win	[150]	180	-144
Loss	[160]	180	-180
Loss	[170]	180	-180
Loss	[160]	180	-180
Loss	[190]	180	-180
Loss	[140]	180	-180
Loss	[180]	180	-180
Win	[150]	180	-150
Win	[170]	180	-156
Loss	[170]	180	-180
Loss	[170]	180	-180
Win	[150]	180	-144
Loss	[170]	180	-180
Win	[160]	180	-156
Win	[160]	180	-150
Win	[150]	180	-144
Win	[150]	180	-156
Loss	[190]	180	-180
Win	[190]	180	-165
Win	[170]	180	-168
Loss	[160]	180	-180
Win	[200]	180	-177
Loss	[160]	180	-180
Win	[170]	180	-165
Loss	[180]	180	-180
Win	[190]	180	-177
Win	[180]	180	-165
Win	[160]	180	-159
Win	[160]	180	-165
Win	[160]	180	-165
Loss	[190]	180	-180
Loss	[170]	180	-180
Loss	[160]	180	-180
Loss	[140]	180	-180
Win	[170]	180	-168
Win	[150]	180	-144
Win	[160]	180	-162
Win	[180]	180	-147
Win	[190]	180	-177
Loss	[180]	180	-180
Win	[170]	180	-156
Loss	[140]	180	-180
Loss	[170]	180	-180
Loss	[140]	180	-180
Win	[140]	180	-150
Loss	[140]	180	-180
Loss	[170]	180	-180
Loss	[150]	180	-180
Win	[170]	180	-165
Loss	[190]	180	-180
Win	[140]	180	-153
Loss	[140]	180	-180
Win	[140]	180	-156
Win	[140]	180	-150
Win	[150]	180	-150
Loss	[180]	180	-180
Loss	[170]	180	-180
Loss	[140]	180	-180
Loss	[160]	180	-180
Loss	[140]	180	-180
Loss	[140]	180	-180
Win	[190]	180	-165
Loss	[170]	180	-180
Loss	[150]	180	-180
Loss	[160]	180	-180
Win	[180]	180	-171
Loss	[160]	180	-180
Win	[180]	180	-177
Loss	[150]	180	-180
Loss	[150]	180	-180
Loss	[200]	180	-180
Loss	[150]	180	-180
Loss	[160]	180	-180
Loss	[170]	180	-180
Win	[140]	180	-150
Win	[180]	180	-159
Loss	[140]	180	-180
Loss	[140]	180	-180
Loss	[140]	180	-180
Loss	[200]	180	-180
Loss	[140]	180	-180
Loss	[170]	180	-180
Win	[180]	180	-177
Win	[140]	180	-168
Win	[180]	180	-171
Loss	[140]	180	-180
Win	[170]	180	-171
Loss	[140]	180	-180
Loss	[150]	180	-180
Loss	[190]	180	-180
Loss	[190]	180	-180
Win	[210]	180	-177
Win	[140]	180	-147
Win	[180]	180	-153
Loss	[180]	180	-180
Loss	[140]	180	-180
Loss	[150]	180	-180
Loss	[170]	180	-180
Win	[140]	180	-147
Loss	[170]	180	-180
Loss	[180]	180	-180
Win	[160]	180	-165
Win	[140]	180	-147
Loss	[140]	180	-180
Loss	[150]	180	-180
Loss	[200]	180	-180
Loss	[160]	180	-180
Loss	[170]	180	-180
Loss	[150]	180	-180
Loss	[150]	180	-180
Loss	[140]	180	-180
Win	[150]	180	-174
Win	[180]	180	-171
Loss	[190]	180	-180
Loss	[160]	180	-180
Loss	[170]	180	-180
Win	[170]	180	-156
Win	[150]	180	-144
Loss	[170]	180	-180
Win	[140]	180	-126
Loss	[190]	180	-180
Win	[160]	180	-138
Win	[180]	180	-168
Loss	[170]	180	-180
Win	[150]	180	-138
Win	[190]	180	-177
Win	[150]	180	-132
Win	[160]	180	-150
Loss	[180]	180	-180
Win	[170]	180	-150
Loss	[180]	180	-180
Win	[150]	180	-132
Win	[150]	180	-150
Loss	[190]	180	-180
Win	[160]	180	-144
Win	[200]	180	-171
Win	[150]	180	-135
Loss	[190]	180	-180
Win	[180]	180	-165
Win	[150]	180	-132
Loss	[130]	180	-180
Loss	[140]	180	-180
Loss	[180]	180	-180
Win	[130]	180	-129
Win	[200]	180	-165
Win	[160]	180	-144
Loss	[150]	180	-180
Loss	[170]	180	-180
Win	[160]	180	-132
Loss	[170]	180	-180
Win	[150]	180	-132
Loss	[170]	180	-180
Win	[150]	180	-120
Loss	[170]	180	-180
Loss	[170]	180	-180
Loss	[180]	180	-180
Win	[150]	180	-150
Win	[180]	180	-165
Loss	[140]	180	-180
Loss	[140]	180	-180
Loss	[180]	180	-180
Win	[140]	180	-153
Loss	[180]	180	-180
Loss	[170]	180	-180
Loss	[130]	180	-180
Loss	[140]	180	-180
Win	[150]	180	-174
Win	[180]	180	-177
Win	[150]	180	-168
Loss	[180]	180	-180
Win	[130]	180	-147
Loss	[140]	180	-180
Loss	[170]	180	-180
Loss	[180]	180	-180
Loss	[180]	180	-180
Win	[170]	180	-165
Loss	[140]	180	-180
Loss	[180]	180	-180
Loss	[140]	180	-180
Win	[140]	180	-156
Win	[150]	180	-156
Loss	[160]	180	-180
Loss	[150]	180	-180
Loss	[160]	180	-180
Win	[160]	180	-177
Loss	[150]	180	-180
Loss	[170]	180	-180
Win	[190]	180	-177
Win	[150]	180	-156
Win	[180]	180	-159
Win	[160]	180	-156
Loss	[190]	180	-180
Loss	[190]	180	-180
Win	[140]	180	-150
Win	[160]	180	-165
Loss	[150]	180	-180
Win	[160]	180	-171
Loss	[160]	180	-180
Loss	[160]	180	-180
Win	[140]	180	-156
Win	[150]	180	-144
Win	[150]	180	-156
Loss	[170]	180	-180
Loss	[170]	180	-180
Win	[150]	180	-168
Win	[150]	180	-168
Loss	[180]	180	-180
Loss	[170]	180	-180
Loss	[180]	180	-180
Loss	[140]	180	-180
Loss	[170]	180	-180
Loss	[180]	180	-180
Win	[150]	180	-174
Win	[150]	180	-174
Win	[170]	180	-162
Win	[190]	180	-171
Loss	[130]	180	-180
Win	[180]	180	-159
Loss	[170]	180	-180
Loss	[180]	180	-180
Win	[140]	180	-129
Loss	[170]	180	-180
Loss	[170]	180	-180
Loss	[160]	180	-180
Loss	[130]	180	-180
Win	[200]	180	-177
Loss	[140]	180	-180
Win	[180]	180	-165
Loss	[170]	180	-180
Win	[170]	180	-171
Loss	[190]	180	-180
Loss	[180]	180	-180
Win	[160]	180	-171
Win	[180]	180	-153
Loss	[170]	180	-180
Loss	[180]	180	-180
Win	[150]	180	-132
Loss	[160]	180	-180
Win	[170]	180	-162
Loss	[160]	180	-180
Loss	[170]	180	-180
Loss	[200]	180	-180
Loss	[130]	180	-180
Loss	[170]	180	-180
Loss	[170]	180	-180
Win	[150]	180	-144
Loss	[140]	180	-180
Win	[150]	180	-135
Win	[140]	180	-126
Win	[180]	180	-165
Loss	[180]	180	-180
Win	[160]	180	-141
Win	[150]	180	-135
Win	[140]	180	-126
Win	[170]	180	-141
Win	[190]	180	-165
Win	[160]	180	-150
Win	[170]	180	-144
Win	[160]	180	-141
Loss	[140]	180	-180
Loss	[170]	180	-180
Loss	[120]	180	-180
Win	[190]	180	-159
Loss	[130]	180	-180
Loss	[140]	180	-180
Win	[150]	180	-135
Loss	[170]	180	-180
Loss	[160]	180	-180
Loss	[180]	180	-180
Win	[130]	180	-117
Win	[170]	180	-159
Win	[170]	180	-162
Loss	[170]	180	-180
Loss	[170]	180	-180
Loss	[170]	180	-180
Loss	[170]	180	-180
Win	[140]	180	-129
Loss	[180]	180	-180
Win	[180]	180	-159
Win	[170]	180	-159
Loss	[190]	180	-180
Win	[180]	180	-159
Loss	[160]	180	-180
Loss	[130]	180	-180
Win	[150]	180	-156
Win	[150]	180	-156
Loss	[180]	180	-180
Win	[160]	180	-162
Win	[170]	180	-153
Win	[160]	180	-159
Loss	[170]	180	-180
Loss	[170]	180	-180
Loss	[170]	180	-180
Loss	[180]	180	-180
Win	[170]	180	-159
Win	[150]	180	-132
Win	[150]	180	-132
Win	[180]	180	-165
Win	[160]	180	-141
Win	[180]	180	-159
Loss	[180]	180	-180
Win	[160]	180	-156
Loss	[170]	180	-180
Win	[160]	180	-141
Loss	[180]	180	-180
Win	[170]	180	-159
Loss	[170]	180	-180
Loss	[170]	180	-180
Loss	[140]	180	-180
Loss	[140]	180	-180
Loss	[190]	180	-180
Loss	[190]	180	-180
Win	[150]	180	-150
Win	[200]	180	-171
Loss	[180]	180	-180
Win	[160]	180	-138
Win	[130]	180	-123
Win	[140]	180	-135
Loss	[180]	180	-180
Win	[190]	180	-159
Win	[170]	180	-156
Loss	[150]	180	-180
Win	[180]	180	-153
Win	[170]	180	-147
Win	[140]	180	-126
Loss	[180]	180	-180
Win	[190]	180	-177
Loss	[180]	180	-180
Win	[140]	180	-150
Win	[150]	180	-159
Loss	[140]	180	-180
Win	[150]	180	-150
Win	[140]	180	-147
Win	[190]	180	-177
Win	[160]	180	-171
Loss	[170]	180	-180
Win	[140]	180	-156
Loss	[140]	180	-180
Loss	[140]	180	-180
Loss	[180]	180	-180
Win	[160]	180	-165
Win	[180]	180	-165
Loss	[140]	180	-180
Loss	[150]	180	-180
Loss	[190]	180	-180
Loss	[180]	180	-180
Win	[140]	180	-153
Win	[130]	180	-147
Win	[190]	180	-177
Win	[130]	180	-147
Win	[190]	180	-177
Loss	[190]	180	-180
Win	[190]	180	-177
Loss	[130]	180	-180
Win	[160]	180	-159
Win	[180]	180	-171
Loss	[130]	180	-180
Loss	[140]	180	-180
Win	[140]	180	-174
Win	[220]	180	-177
Win	[190]	180	-171
Win	[190]	180	-177
Win	[160]	180	-150
Loss	[160]	180	-180
Loss	[140]	180	-180
Loss	[140]	180	-180
Loss	[140]	180	-180
Loss	[170]	180	-180
Win	[170]	180	-141
Loss	[140]	180	-180
Win	[140]	180	-150
Loss	[140]	180	-180
Win	[160]	180	-165
Win	[170]	180	-171
Loss	[140]	180	-180
Loss	[140]	180	-180
Win	[160]	180	-147
Win	[160]	180	-159
Loss	[160]	180	-180
Loss	[140]	180	-180
Loss	[140]	180	-180
Win	[170]	180	-147
Win	[210]	180	-177
Win	[140]	180	-153
Win	[170]	180	-171
Win	[150]	180	-168
Win	[180]	180	-171
Loss	[150]	180	-180
Loss	[140]	180	-180
Loss	[180]	180	-180
Loss	[130]	180	-180
Win	[170]	180	-171
Loss	[190]	180	-180
Win	[160]	180	-165
Loss	[180]	180	-180
Loss	[180]	180	-180
Win	[140]	180	-150
Loss	[140]	180	-180
Win	[170]	180	-147
Win	[140]	180	-147
Loss	[140]	180	-180
Win	[140]	180	-150
Loss	[170]	180	-180
Loss	[170]	180	-180
Loss	[140]	180	-180
Loss	[170]	180	-180
Loss	[160]	180	-180
Loss	[170]	180	-180
Loss	[170]	180	-180
Win	[190]	180	-177
Win	[180]	180	-153
Loss	[230]	180	-180
Win	[170]	180	-162
Loss	[170]	180	-180
Loss	[130]	180	-180
Win	[150]	180	-132
Win	[170]	180	-150
Win	[140]	180	-159
Win	[170]	180	-150
Win	[160]	180	-150
Loss	[170]	180	-180
Loss	[170]	180	-180
Loss	[170]	180	-180
Win	[170]	180	-177
Win	[160]	180	-159
Win	[190]	180	-171
Loss	[180]	180	-180
Win	[160]	180	-144
Loss	[140]	180	-180
Win	[150]	180	-135
Loss	[170]	180	-180
Win	[150]	180	-150
Loss	[180]	180	-180
Win	[180]	180	-165
Loss	[170]	180	-180
Win	[150]	180	-132
Loss	[190]	180	-180
Loss	[180]	180	-180
Win	[160]	180	-156
Loss	[180]	180	-180
Win	[180]	180	-165
Win	[150]	180	-138
Loss	[170]	180	-180
Win	[180]	180	-165
Loss	[170]	180	-180
Win	[130]	180	-129
Win	[160]	180	-141
Loss	[140]	180	-180
Win	[150]	180	-135
Loss	[140]	180	-180
Win	[160]	180	-165
Win	[190]	180	-177
Loss	[130]	180	-180
Loss	[170]	180	-180
