Loss	[180]	360	-360
Loss	[150]	360	-360
Win	[160]	360	-324
Loss	[190]	360	-360
Win	[200]	360	-348
Loss	[180]	360	-360
Win	[180]	360	-348
Win	[190]	360	-327
Loss	[200]	360	-360
Loss	[190]	360	-360
Win	[190]	360	-336
Win	[170]	360	-339
Win	[230]	360	-354
Loss	[160]	360	-360
Loss	[230]	357	-360
Win	[180]	360	-345
Loss	[200]	360	-360
Win	[210]	360	-357
Win	[210]	360	-348
Win	[200]	360	-351
Win	[170]	360	-339
Loss	[170]	360	-360
Loss	[170]	360	-360
Loss	[150]	360	-360
Win	[200]	360	-348
Loss	[170]	360	-360
Loss	[180]	360	-360
Loss	[150]	360	-360
Win	[210]	360	-345
Win	[210]	360	-354
Loss	[200]	360	-360
Win	[210]	360	-336
Win	[170]	360	-324
Win	[180]	360	-333
Win	[180]	360	-351
Win	[190]	360	-342
Win	[210]	360	-354
Loss	[180]	360	-360
Win	[210]	360	-354
Win	[190]	360	-348
Loss	[200]	360	-360
Loss	[190]	360	-360
Loss	[170]	360	-360
Win	[140]	360	-342
Win	[130]	360	-345
Loss	[170]	360	-360
Win	[200]	360	-342
Win	[190]	360	-342
Win	[170]	360	-327
Win	[210]	360	-342
Win	[190]	360	-339
Win	[170]	360	-333
Win	[180]	360	-327
Win	[190]	360	-351
Loss	[220]	357	-360
Loss	250.0	342	-360
Loss	[170]	360	-360
Loss	[230]	330	-360
Loss	[220]	357	-360
Loss	[190]	360	-360
Win	[190]	360	-348
Loss	[180]	360	-360
Loss	[160]	360	-360
Loss	[200]	360	-360
Win	[210]	360	-354
Win	[190]	360	-351
Loss	[170]	360	-360
Win	[180]	360	-333
Loss	[200]	360	-360
Loss	[160]	360	-360
Win	[140]	360	-333
Win	[190]	360	-336
Loss	[200]	360	-360
Loss	[120]	360	-360
Loss	[180]	360	-360
Win	[170]	360	-330
Win	[200]	360	-348
Win	[150]	360	-354
Win	[180]	360	-336
Win	[210]	360	-357
Loss	[210]	357	-360
Win	[170]	360	-330
Win	[200]	360	-336
Win	[180]	360	-339
Win	[170]	360	-333
Loss	[160]	360	-360
Loss	250.0	351	-360
Loss	[170]	360	-360
Loss	[180]	360	-360
Loss	[140]	360	-360
Win	[120]	360	-324
Win	[190]	360	-357
Win	[190]	360	-348
Win	[230]	360	-312
Win	[210]	360	-351
Win	[190]	360	-339
Loss	[190]	360	-360
Win	[180]	360	-330
Win	[200]	360	-336
Loss	[220]	357	-360
Win	[180]	360	-357
Loss	[240]	351	-360
Loss	[170]	360	-360
Loss	[200]	360	-360
Loss	[160]	360	-360
Loss	[190]	360	-360
Win	[200]	360	-354
Loss	[170]	360	-360
Loss	[170]	360	-360
Dogfall	250.0	333	-357
Loss	[190]	360	-360
Win	[170]	360	-336
Loss	[230]	351	-360
Loss	[210]	357	-360
Loss	[190]	360	-360
Loss	[180]	360	-360
Win	[190]	360	-333
Win	[150]	360	-327
Win	[170]	360	-351
Win	[200]	360	-354
Win	[190]	360	-351
Win	[170]	360	-351
Win	[190]	360	-348
Loss	[160]	360	-360
Loss	[180]	360	-360
Win	[160]	360	-348
Loss	[150]	360	-360
Win	[170]	360	-339
Loss	[140]	360	-360
Win	[170]	360	-345
Loss	[190]	360	-360
Win	[140]	360	-321
Win	[210]	360	-348
Loss	[180]	360	-360
Loss	[160]	360	-360
Win	[180]	360	-303
Loss	[210]	360	-360
Loss	[180]	360	-360
Win	[210]	360	-345
Win	[210]	360	-354
Loss	[190]	360	-360
Win	[210]	360	-357
Win	[160]	360	-348
Win	[180]	360	-324
Loss	[210]	360	-360
Loss	[200]	360	-360
Loss	[170]	360	-360
Loss	[170]	360	-360
Loss	[210]	360	-360
Win	[120]	360	-342
Loss	[150]	360	-360
Win	[180]	360	-339
Loss	[190]	360	-360
Win	[170]	360	-339
Win	[190]	360	-342
Win	[210]	360	-357
Win	[200]	360	-348
Win	[190]	360	-342
Loss	[200]	360	-360
Win	[130]	360	-330
Win	[190]	360	-339
Loss	[190]	360	-360
Loss	[190]	360	-360
Win	[180]	360	-327
Dogfall	250.0	345	-330
Loss	[190]	360	-360
Loss	[210]	360	-360
Win	[180]	360	-345
Win	[190]	360	-345
Loss	[180]	360	-360
Win	[180]	360	-351
Win	[220]	360	-345
Loss	[200]	360	-360
Win	[180]	360	-354
Loss	[210]	360	-360
Loss	[170]	360	-360
Loss	[170]	360	-360
Loss	[170]	360	-360
Loss	[220]	351	-360
Win	[200]	360	-357
Loss	[200]	360	-360
Loss	[190]	360	-360
Win	[180]	360	-342
Win	[170]	360	-345
Loss	[190]	360	-360
Win	[190]	360	-342
Loss	[190]	360	-360
Loss	[210]	360	-360
Loss	[130]	360	-360
Loss	[200]	360	-360
Win	[190]	360	-339
Loss	[160]	360	-360
Loss	[120]	360	-360
Win	[220]	360	-351
Loss	[180]	360	-360
Loss	[180]	360	-360
Loss	[220]	285	-360
Win	[160]	360	-336
Win	[160]	360	-351
Loss	[200]	360	-360
Loss	[190]	360	-360
Win	[180]	360	-339
Win	[210]	360	-339
Loss	[180]	360	-360
Loss	[160]	360	-360
Loss	[140]	360	-360
Win	[190]	360	-345
Win	[210]	360	-342
Win	[200]	360	-357
Loss	[210]	357	-360
Win	[190]	360	-339
Win	[210]	360	-357
Loss	[170]	360	-360
Win	[180]	360	-339
Loss	[160]	360	-360
Loss	[190]	360	-360
Loss	[230]	345	-360
Loss	[190]	360	-360
Win	[190]	360	-354
Win	[190]	360	-345
Win	[180]	360	-345
Win	[200]	360	-354
Loss	[190]	360	-360
Loss	[140]	360	-360
Loss	[170]	360	-360
Win	[210]	360	-357
Loss	[160]	360	-360
Win	[190]	360	-357
Win	[190]	360	-345
Loss	[180]	360	-360
Win	[200]	360	-354
Win	[180]	360	-342
Win	[180]	360	-354
Win	[200]	360	-342
Win	[200]	360	-354
Win	[200]	360	-348
Win	[170]	360	-342
Win	[120]	360	-342
Win	[190]	360	-354
Win	[170]	360	-345
Win	[190]	360	-345
Loss	[200]	360	-360
Loss	[210]	360	-360
Win	[200]	360	-354
Win	[190]	360	-351
Win	[160]	360	-339
Win	[220]	360	-357
Win	[190]	360	-342
Loss	[190]	360	-360
Loss	[230]	357	-360
Win	[200]	360	-354
Win	[180]	360	-342
Win	[160]	360	-324
Win	[150]	360	-339
Win	[170]	360	-342
Win	[180]	360	-327
Win	[210]	360	-354
Win	[200]	360	-339
Loss	[220]	357	-360
Win	[200]	360	-348
Win	[180]	360	-327
Loss	[180]	360	-360
Win	[170]	360	-351
Win	[190]	360	-345
Win	[170]	360	-333
Win	[200]	360	-342
Win	[130]	360	-330
Win	[130]	360	-336
Loss	[180]	360	-360
Win	[190]	360	-336
Win	[180]	360	-333
Loss	[200]	360	-360
Win	[170]	360	-330
Loss	[190]	360	-360
Loss	[190]	360	-360
Win	[200]	360	-330
Loss	[200]	360	-360
Win	[190]	360	-348
Win	[190]	360	-339
Win	[180]	360	-354
Win	[190]	360	-351
Win	[180]	360	-333
Win	[190]	360	-342
Loss	[180]	360	-360
Loss	[160]	360	-360
Loss	[190]	360	-360
Win	[200]	360	-336
Loss	[210]	357	-360
Loss	[190]	360	-360
Loss	[180]	360	-360
Loss	[190]	360	-360
Loss	[230]	345	-360
Loss	[170]	360	-360
Loss	[170]	360	-360
Loss	[240]	339	-360
Loss	[220]	357	-360
Win	[210]	360	-351
Win	[170]	360	-354
Loss	[200]	360	-360
Win	[200]	360	-348
Win	[200]	360	-339
Win	[210]	360	-351
Win	[200]	360	-333
Win	[170]	360	-330
Win	[130]	360	-327
Win	[180]	360	-330
Win	[190]	360	-348
Win	[200]	360	-354
Loss	[190]	360	-360
Win	[160]	360	-336
Win	[220]	360	-357
Loss	[200]	360	-360
Win	[160]	360	-333
Loss	[190]	360	-360
Win	[210]	360	-354
Loss	[210]	360	-360
Loss	[190]	360	-360
Loss	[210]	351	-360
Win	[180]	360	-351
Win	[180]	360	-330
Win	[180]	360	-348
Loss	[200]	360	-360
Loss	[240]	357	-360
Win	[210]	360	-354
Win	[200]	360	-348
Win	[210]	360	-354
Win	[200]	360	-348
Win	[120]	360	-315
Loss	[190]	360	-360
Win	[190]	360	-327
Win	[170]	360	-345
Win	[220]	360	-345
Win	[180]	360	-339
Loss	[180]	360	-360
Win	[180]	360	-348
Loss	[210]	360	-360
Win	[190]	360	-354
Win	[210]	360	-357
Win	[190]	360	-342
Win	[170]	360	-324
Win	[160]	360	-330
Loss	[200]	360	-360
Loss	[180]	360	-360
Loss	[190]	360	-360
Loss	[190]	360	-360
Loss	[210]	360	-360
Loss	[180]	360	-360
Dogfall	250.0	333	-357
Win	[190]	360	-336
Win	[200]	360	-348
Loss	[200]	360	-360
Win	[190]	360	-327
Win	[140]	360	-339
Win	[170]	360	-354
Win	[200]	360	-345
Loss	[190]	360	-360
Win	[210]	360	-357
Loss	[220]	357	-360
Loss	[220]	357	-360
Win	[200]	360	-345
Win	[190]	360	-342
Loss	[180]	360	-360
Win	[180]	360	-330
Win	[150]	360	-327
Win	[190]	360	-357
Win	[120]	360	-330
Win	[200]	360	-339
Loss	[180]	360	-360
Loss	[170]	360	-360
Win	[160]	360	-348
Win	[180]	360	-354
Win	[170]	360	-348
Win	[170]	360	-342
Win	[200]	360	-342
Win	[200]	360	-342
Win	[190]	360	-342
Win	[200]	360	-348
Loss	[190]	360	-360
Win	[180]	360	-354
Win	[180]	360	-345
Win	[200]	360	-357
Win	[180]	360	-336
Win	[210]	360	-342
Loss	[150]	360	-360
Loss	[170]	360	-360
Win	[180]	360	-330
Win	[170]	360	-342
Win	[210]	360	-354
Loss	[140]	360	-360
Loss	[210]	345	-360
Win	[170]	360	-333
Win	[180]	360	-333
Win	[190]	360	-348
Loss	[180]	360	-360
Loss	[180]	360	-360
Win	[200]	360	-342
Win	[170]	360	-333
Win	[200]	360	-354
Win	[200]	360	-357
Loss	[180]	360	-360
Win	[210]	360	-357
Loss	[190]	360	-360
Loss	[200]	360	-360
Win	[220]	360	-348
Win	[170]	360	-357
Loss	[170]	360	-360
Win	[150]	360	-348
Loss	[180]	360	-360
Loss	[180]	360	-360
Win	[210]	360	-342
Win	[180]	360	-354
Loss	[170]	360	-360
Loss	[220]	339	-360
Loss	[230]	342	-360
Dogfall	250.0	357	-351
Win	250.0	360	-357
Win	250.0	360	-351
Win	[190]	360	-330
Win	[200]	360	-327
Dogfall	250.0	357	-357
Win	[190]	360	-315
Loss	[230]	324	-360
Win	[170]	360	-336
Win	[200]	360	-351
Win	[210]	360	-330
Loss	[230]	354	-360
Win	[150]	360	-351
Win	[190]	360	-348
Win	[190]	360	-354
Win	[190]	360	-333
Win	[230]	360	-339
Win	[130]	360	-327
Loss	[190]	360	-360
Win	[170]	360	-333
Loss	[220]	357	-360
Win	[210]	360	-354
Win	[180]	360	-330
Win	[190]	360	-330
Loss	[190]	360	-360
Loss	[170]	360	-360
Win	[200]	360	-357
Win	[180]	360	-345
Loss	[200]	360	-360
Loss	[180]	360	-360
Loss	[240]	357	-360
Loss	[200]	360	-360
Loss	[190]	360	-360
Win	[180]	360	-336
Loss	[200]	360	-360
Loss	[170]	360	-360
Loss	[170]	360	-360
Loss	[190]	360	-360
Loss	[190]	360	-360
Win	[240]	360	-342
Win	[220]	360	-348
Loss	[180]	360	-360
Loss	[170]	360	-360
Loss	[150]	360	-360
Win	[210]	360	-357
Win	[150]	360	-330
Loss	[200]	360	-360
Loss	[190]	360	-360
Win	[190]	360	-336
Loss	[170]	360	-360
Loss	[170]	360	-360
Win	[170]	360	-330
Win	[180]	360	-351
Win	[200]	360	-354
Win	[160]	360	-327
Loss	[190]	360	-360
Loss	[170]	360	-360
Win	[180]	360	-333
Win	[210]	360	-348
Win	[210]	360	-357
Win	[200]	360	-354
Win	[190]	360	-333
Win	[160]	360	-324
Win	[170]	360	-345
Loss	[160]	360	-360
Win	[160]	360	-327
Win	[200]	360	-336
Loss	[240]	357	-360
Win	[130]	360	-318
Loss	[180]	360	-360
Win	[180]	360	-339
Win	[210]	360	-333
Win	[170]	360	-330
Win	[160]	360	-339
Win	[170]	360	-321
Win	[180]	360	-345
Loss	[150]	360	-360
Win	[180]	360	-339
Win	[200]	360	-348
Win	[180]	360	-330
Win	[170]	360	-339
Loss	[160]	360	-360
Win	[190]	360	-342
Win	[210]	360	-348
Win	[150]	360	-342
