Win	[220]	140	-95
Win	[180]	140	-25
Win	[180]	140	-65
Win	[180]	140	-30
Win	[200]	140	-75
Win	[200]	140	-70
Win	[180]	140	-65
Win	[180]	140	-70
Win	[200]	140	-80
Win	[200]	140	-70
Win	[200]	140	-75
Win	[200]	140	-80
Win	[180]	140	-30
Win	[200]	140	-75
Win	[180]	140	-35
Win	[200]	140	-65
Win	[260]	140	-125
Win	[180]	140	-35
Win	[180]	140	-70
Win	[220]	140	-90
Win	[160]	140	-20
Win	[160]	140	-85
Win	[200]	140	-65
Win	[240]	140	-85
Win	[180]	140	-75
Win	[240]	140	-85
Win	[200]	140	-70
Win	[180]	140	-30
Win	[180]	140	-65
Win	[240]	140	-90
Win	[180]	140	-30
Win	[220]	140	-75
Win	[200]	140	-45
Win	[180]	140	-70
Win	[220]	140	-100
Win	[200]	140	-65
Win	[200]	140	-75
Win	[220]	140	-140
Win	[200]	140	-80
Win	[200]	140	-70
Win	[240]	140	-95
Win	[200]	140	-70
Win	[200]	140	-70
Win	[180]	140	-35
Win	[220]	140	-85
Win	[180]	140	-80
Win	[180]	140	-35
Win	[220]	140	-85
Dogfall	300	132	-155
Win	[220]	140	-85
Win	[200]	140	-80
Win	[200]	140	-70
Win	[180]	140	-65
Win	[220]	140	-70
Win	[220]	140	-95
Win	[180]	140	-35
Win	[200]	140	-70
Win	[180]	140	-75
Win	[180]	140	-40
Win	[200]	140	-75
Win	[180]	140	-25
Dogfall	300	132	-105
Win	[180]	140	-65
Win	[200]	140	-75
Win	[180]	140	-35
Win	[220]	140	-90
Win	[200]	140	-35
Win	[220]	140	-85
Win	[180]	140	-40
Win	[180]	140	-70
Win	[180]	140	-30
Win	[200]	140	-75
Win	[200]	140	-70
Win	[180]	140	-70
Win	[200]	140	-70
Win	[240]	140	-80
Win	[240]	140	-85
Win	[180]	140	-35
Win	[200]	140	-70
Win	[180]	140	-30
Win	[200]	140	-65
Win	[200]	140	-75
Win	[180]	140	-30
Win	[160]	140	-55
Win	[180]	140	-60
Win	[200]	140	-70
Win	[180]	140	-30
Win	[220]	140	-85
Win	[200]	140	-65
Win	[180]	140	-30
Win	[180]	140	-70
Win	[160]	140	-50
Win	[200]	140	-75
Win	[180]	140	-65
Win	[200]	140	-70
Win	[180]	140	-60
Win	[200]	140	-65
Win	[200]	140	-90
Win	[220]	140	-65
Win	[260]	140	-130
Win	[240]	140	-60
Win	[220]	140	-95
Win	[220]	140	-85
Win	[180]	140	-65
Win	[200]	140	-75
Win	[180]	140	-75
Win	[200]	140	-85
Win	[180]	140	-35
Win	[200]	140	-80
Win	[240]	140	-80
Win	[200]	140	-75
Win	[180]	140	-35
Win	[200]	140	-65
Win	[180]	140	-65
Win	[180]	140	-70
Win	[180]	140	-35
Win	[220]	140	-90
Win	[180]	140	-40
Win	[200]	140	-75
Win	[200]	140	-70
Win	[220]	140	-90
Win	[180]	140	-35
Win	[220]	140	-85
Win	[200]	140	-75
Win	[240]	140	-85
Win	[180]	140	-50
Win	[220]	140	-85
Win	[200]	140	-80
Win	[220]	140	-75
Win	[200]	140	-85
Win	[180]	140	-30
Win	[200]	140	-105
Win	[160]	140	-50
Win	[220]	140	-65
Win	[180]	140	-35
Win	[180]	140	-105
Win	[180]	140	-65
Win	[180]	140	-60
Win	[220]	140	-105
Win	[200]	140	-75
Win	[200]	140	-70
Win	[180]	140	-35
Win	[200]	140	-70
Win	[180]	140	-65
Win	[160]	140	-45
Win	[260]	140	-145
Win	[180]	140	-70
Win	[200]	140	-55
Win	[180]	140	-65
Win	[180]	140	-35
Win	[220]	140	-75
Win	[180]	140	-65
Win	[220]	140	-80
Win	[180]	140	-30
Win	[200]	140	-75
Win	[220]	140	-85
Win	[180]	140	-35
Win	[180]	140	-70
Win	[200]	140	-55
Win	[180]	140	-35
Win	[200]	140	-70
Win	[180]	140	-25
Win	[220]	140	-85
Win	[200]	140	-75
Win	[180]	140	-60
Win	[180]	140	-35
Win	[180]	140	-70
Win	[140]	140	-30
Win	[200]	140	-65
Win	[200]	140	-80
Win	[180]	140	-35
Win	[200]	140	-75
Win	[200]	140	-75
Win	[180]	140	-35
Win	[200]	140	-80
Win	[220]	140	-95
Win	[180]	140	-70
Win	[160]	140	-25
Win	[240]	140	-80
Win	[200]	140	-75
Win	[180]	140	-35
Win	[200]	140	-70
Win	[180]	140	-60
Win	[220]	140	-70
Win	[260]	140	-105
Win	[200]	140	-85
Win	[220]	140	-75
Win	[180]	140	-40
Win	[200]	140	-75
Win	[180]	140	-40
Win	[220]	140	-85
Win	[180]	140	-35
Win	[180]	140	-70
Dogfall	300	140	-5
Win	[220]	140	-90
Win	[180]	140	-30
Win	[180]	140	-70
Win	[180]	140	-65
Win	[240]	140	-85
Win	[180]	140	-65
Win	[200]	140	-75
Win	[180]	140	-65
Win	[220]	140	-80
Win	[200]	140	-105
Win	[180]	140	-35
Win	[200]	140	-70
Win	[260]	140	-110
Win	[200]	140	-80
Win	[200]	140	-70
Win	[200]	140	-85
Win	[180]	140	-35
Win	[200]	140	-75
Win	[180]	140	-35
Win	[200]	140	-110
Win	[180]	140	-35
Win	[200]	140	-90
Win	[180]	140	-60
Win	[160]	140	-50
Win	[180]	140	-80
Win	[180]	140	-30
Win	[200]	140	-80
Win	[200]	140	-65
Win	[180]	140	-35
Win	[180]	140	-60
Win	[220]	140	-80
Win	[200]	140	-70
Win	[220]	140	-85
Win	[160]	140	-70
Win	[160]	140	-40
Win	[200]	140	-85
Win	[220]	140	-100
Win	[240]	140	-80
Win	[180]	140	-35
Win	[200]	140	-70
Win	[180]	140	-35
Win	[200]	140	-75
Win	[200]	140	-80
Win	[180]	140	-30
Win	[200]	140	-65
Win	[240]	140	-40
Win	[220]	140	-95
Win	[180]	140	-60
Win	[180]	140	-70
Win	[160]	140	-45
Win	[160]	140	-25
Win	[200]	140	-70
Win	[220]	140	-90
Win	[180]	140	-35
Win	[200]	140	-80
Win	[220]	140	-100
Win	[200]	140	-45
Win	[200]	140	-80
Win	[200]	140	-75
Win	[240]	140	-85
Win	[220]	140	-75
Win	[180]	140	-35
Win	[240]	140	-105
Win	300	140	-130
Win	[200]	140	-65
Win	[180]	140	-30
Win	[200]	140	-90
Win	[180]	140	-35
Win	[200]	140	-70
Win	[200]	140	-70
Win	[180]	140	-30
Win	[260]	140	-100
Win	[200]	140	-70
Win	[220]	140	-85
Win	[160]	140	-20
Win	[220]	140	-85
Win	[180]	140	-60
Win	[180]	140	-70
Win	[180]	140	-35
Win	[200]	140	-75
Win	[200]	140	-80
Win	[180]	140	-35
Win	[200]	140	-75
Win	[180]	140	-25
Win	[180]	140	-70
Win	[260]	140	-120
Win	[200]	140	-60
Win	[200]	140	-80
Win	[160]	140	-50
Win	[180]	140	-35
Win	[220]	140	-125
Win	[180]	140	-90
Win	[200]	140	-65
Win	[180]	140	-75
Win	[200]	140	-75
Win	[180]	140	-60
Win	[240]	140	-90
Win	[180]	140	-30
Win	[200]	140	-90
Win	[180]	140	-70
Win	[180]	140	-65
Win	[200]	140	-70
Win	[240]	140	-75
Win	[220]	140	-70
Win	[200]	140	-35
Win	[260]	140	-155
Win	[180]	140	-75
Win	[180]	140	-25
Dogfall	300	137	-130
Win	[200]	140	-75
Win	[180]	140	-35
Win	[200]	140	-70
Win	[200]	140	-80
Win	[180]	140	-65
Win	[180]	140	-70
Win	[200]	140	-95
Win	[160]	140	-55
Win	[200]	140	-75
Win	[200]	140	-75
Win	[180]	140	-35
Win	[180]	140	-65
Win	[180]	140	-75
Win	[180]	140	-70
Dogfall	300	140	-5
Win	[200]	140	-75
Win	[180]	140	-35
Win	[200]	140	-75
Win	[180]	140	-65
Win	[220]	140	-80
Win	[180]	140	-35
Win	[180]	140	-65
Win	[160]	140	-55
Win	[180]	140	-35
Win	[200]	140	-75
Win	[180]	140	-70
Win	[180]	140	-25
Win	[200]	140	-70
Win	[180]	140	-35
Win	[220]	140	-80
Win	[180]	140	-60
Win	[200]	140	-40
Win	[180]	140	-65
Win	[220]	140	-85
Win	[200]	140	-80
Win	[180]	140	-35
Win	[220]	140	-85
Win	[180]	140	-25
Win	[200]	140	-75
Win	[240]	140	-95
Win	[220]	140	-80
Win	300	140	-65
Win	[200]	140	-55
Win	[160]	140	-65
Win	[200]	140	-60
Win	[160]	140	-55
Win	[200]	140	-55
Win	[180]	140	-35
Win	[180]	140	-35
Win	[200]	140	-35
Dogfall	300	140	-15
Win	[180]	140	-50
Win	[220]	140	-85
Win	[180]	140	-30
Win	[180]	140	-30
Win	[180]	140	-35
Win	[220]	140	-45
Win	[180]	140	-40
Win	[240]	140	-70
Win	[180]	140	-35
Win	[180]	140	-40
Win	[220]	140	-40
Win	[220]	140	-75
Win	[180]	140	-60
Win	[160]	140	-50
Win	[180]	140	-30
Win	[180]	140	-30
Win	[180]	140	-35
Win	[220]	140	-80
Win	[180]	140	-30
Win	[180]	140	-55
Win	[180]	140	-50
Win	[200]	140	-70
Dogfall	300	140	-15
Win	[180]	140	-35
Win	[220]	140	-70
Win	[180]	140	-35
Win	[180]	140	-35
Win	[200]	140	-65
Win	[200]	140	-30
Win	[200]	140	-70
Dogfall	300	140	-15
Win	[160]	140	-55
Win	[160]	140	-45
Win	[180]	140	-40
Win	[180]	140	-25
Win	[180]	140	-30
Win	[180]	140	-35
Win	[200]	140	-40
Win	[180]	140	-25
Win	[180]	140	-35
Win	[180]	140	-40
Win	[180]	140	-35
Win	[180]	140	-35
Win	[180]	140	-30
Win	[180]	140	-35
Win	[200]	140	-80
Win	[200]	140	-35
Win	[200]	140	-80
Win	[180]	140	-35
Win	[160]	140	-20
Dogfall	300	140	-15
Win	[200]	140	-35
Win	[140]	140	-40
Win	[200]	140	-40
Win	[240]	140	-80
Win	[180]	140	-30
Win	[180]	140	-35
Win	[180]	140	-35
Win	[260]	140	-120
Win	[180]	140	-25
Win	[180]	140	-75
Win	[160]	140	-60
Win	[220]	140	-50
Win	[220]	140	-90
Win	[180]	140	-35
Dogfall	300	140	-30
Win	[180]	140	-35
Win	[200]	140	-55
Win	[220]	140	-65
Win	[200]	140	-70
Win	[200]	140	-40
Win	[200]	140	-100
Win	[200]	140	-80
Win	[180]	140	-70
Win	[180]	140	-30
Win	[200]	140	-40
Win	[180]	140	-30
Win	[180]	140	-40
Win	[180]	140	-35
Win	[180]	140	-35
Win	[180]	140	-35
Win	[180]	140	-50
Win	[200]	140	-30
Win	[180]	140	-35
Win	[240]	140	-85
Win	[200]	140	-40
Win	[180]	140	-25
Win	[180]	140	-80
Win	[180]	140	-65
Win	[160]	140	-45
Win	[240]	140	-65
Win	[180]	140	-35
Win	[180]	140	-55
Win	[180]	140	-30
Win	[180]	140	-35
Win	[180]	140	-30
Win	[180]	140	-60
Win	[200]	140	-85
Win	[140]	140	-30
Win	[180]	140	-60
Win	[180]	140	-35
Win	[220]	140	-50
Win	[180]	140	-60
Win	[220]	140	-70
Win	[280]	140	-125
Win	[200]	140	-105
Win	[200]	140	-75
Win	[200]	140	-85
Win	[180]	140	-30
Win	[180]	140	-35
Win	[260]	140	-75
Win	[180]	140	-80
Win	[180]	140	-65
Win	[200]	140	-80
Dogfall	300	140	-10
Dogfall	300	139	-140
Win	[200]	140	-55
Win	[200]	140	-75
Win	[180]	140	-35
Dogfall	300	140	-25
Win	[200]	140	-40
Win	[180]	140	-60
Win	[200]	140	-75
Win	[220]	140	-80
Win	[180]	140	-70
Win	[180]	140	-40
Win	[180]	140	-35
Win	[200]	140	-75
Win	[180]	140	-55
Win	[180]	140	-25
Dogfall	300	140	-25
Win	[180]	140	-30
Win	[200]	140	-35
Win	[180]	140	-35
Win	[180]	140	-25
Dogfall	300	140	-15
Win	[180]	140	-35
Win	[180]	140	-35
Win	[200]	140	-45
Win	[280]	140	-90
Win	[180]	140	-30
Win	[180]	140	-40
Win	[180]	140	-25
Win	[200]	140	-80
Win	[180]	140	-35
Win	[180]	140	-25
