Win	[210]	90	-159
Dogfall	250	87	-177
Dogfall	250	81	-165
Dogfall	250	51	-159
Win	[230]	90	-150
Win	250	90	-171
Win	[190]	90	-120
Win	[170]	90	-135
Win	[220]	90	-156
Loss	[200]	90	-180
Dogfall	250	87	-171
Win	[180]	90	-126
Win	[160]	90	-117
Win	[160]	90	-117
Loss	[240]	75	-180
Win	[210]	90	-138
Loss	[190]	90	-180
Win	[180]	90	-129
Win	[170]	90	-147
Win	[190]	90	-138
Win	[220]	90	-177
Win	[180]	90	-135
Win	[160]	90	-114
Win	[170]	90	-114
Win	[180]	90	-162
Loss	[230]	87	-180
Win	[220]	90	-165
Loss	[210]	87	-180
Win	[200]	90	-156
Win	[190]	90	-123
Win	[180]	90	-129
Win	[180]	90	-132
Win	[160]	90	-129
Win	[150]	90	-108
Win	[200]	90	-150
Win	[170]	90	-120
Win	[140]	90	-99
Win	[210]	90	-150
Win	[150]	90	-117
Win	[180]	90	-120
Win	[190]	90	-150
Win	[200]	90	-165
Win	[170]	90	-135
Win	[150]	90	-111
Win	[170]	90	-129
Win	[150]	90	-117
Win	[150]	90	-129
Win	[160]	90	-126
Win	[150]	90	-123
Win	[160]	90	-117
Loss	[230]	75	-180
Win	[190]	90	-132
Win	[170]	90	-123
Win	[160]	90	-129
Loss	[210]	63	-180
Win	[240]	90	-177
Loss	[190]	90	-180
Win	[140]	90	-114
Win	[150]	90	-111
Win	[180]	90	-144
Loss	[230]	75	-180
Win	[170]	90	-120
Win	[140]	90	-99
Win	[140]	90	-111
Win	[180]	90	-129
Win	[200]	90	-147
Win	[150]	90	-123
Win	[150]	90	-117
Win	[150]	90	-132
Win	[190]	90	-156
Win	[130]	90	-102
Win	[140]	90	-114
Win	[170]	90	-144
Win	[140]	90	-114
Win	[140]	90	-114
Loss	[200]	90	-180
Win	[160]	90	-117
Win	[130]	90	-114
Loss	[170]	90	-180
Win	[140]	90	-117
Win	[130]	90	-114
Loss	[170]	90	-180
Loss	[200]	90	-180
Win	[160]	90	-117
Loss	[240]	87	-180
Win	[200]	90	-156
Win	[160]	90	-129
Win	[160]	90	-129
Win	[160]	90	-141
Win	[180]	90	-144
Win	[170]	90	-135
Loss	[180]	90	-180
Win	[200]	90	-144
Win	[200]	90	-138
Win	[170]	90	-132
Win	[170]	90	-144
Win	[220]	90	-147
Win	250	90	-177
Win	[190]	90	-132
Win	[140]	90	-99
Win	[170]	90	-129
Win	[150]	90	-111
Loss	[220]	54	-180
Loss	[230]	69	-180
Win	[220]	90	-165
Win	[130]	90	-111
Win	[150]	90	-123
Win	[180]	90	-132
Win	[160]	90	-126
Win	[150]	90	-114
Win	[140]	90	-105
Win	[140]	90	-117
Win	[140]	90	-108
Win	[140]	90	-114
Win	[150]	90	-111
Win	[140]	90	-108
Win	[150]	90	-123
Win	[150]	90	-111
Win	[170]	90	-123
Loss	[210]	69	-180
Loss	[210]	90	-180
Win	[180]	90	-138
Win	[160]	90	-123
Win	[220]	90	-165
Win	[150]	90	-108
Loss	[170]	90	-180
Loss	[180]	90	-180
Win	[160]	90	-141
Win	[170]	90	-123
Loss	[200]	90	-180
Win	[180]	90	-141
Win	[150]	90	-111
Loss	[180]	90	-180
Loss	[240]	63	-180
Win	[150]	90	-111
Win	[180]	90	-144
Win	[170]	90	-120
Win	[150]	90	-111
Win	[150]	90	-111
Win	[140]	90	-114
Win	[170]	90	-132
Win	[140]	90	-99
Win	[150]	90	-105
Win	[130]	90	-114
Loss	[210]	87	-180
Win	[130]	90	-114
Loss	[170]	90	-180
Win	[170]	90	-144
Win	[160]	90	-135
Win	[200]	90	-144
Win	[160]	90	-129
Win	[150]	90	-111
Win	[180]	90	-147
Win	[150]	90	-117
Win	[170]	90	-132
Win	[220]	90	-171
Win	[140]	90	-105
Win	[150]	90	-105
Win	[200]	90	-159
Dogfall	250	81	-177
Win	[150]	90	-105
Win	[170]	90	-162
Win	[170]	90	-132
Win	[130]	90	-111
Win	[160]	90	-123
Win	[150]	90	-102
Win	[150]	90	-111
Win	[160]	90	-123
Win	[150]	90	-105
Win	[150]	90	-120
Win	[170]	90	-114
Win	[130]	90	-105
Win	[160]	90	-135
Win	[180]	90	-138
Win	[150]	90	-111
Win	[160]	90	-123
Win	[160]	90	-117
Win	[240]	90	-171
Win	[130]	90	-105
Win	[210]	90	-144
Win	[140]	90	-99
Win	[150]	90	-105
Win	[140]	90	-105
Win	[150]	90	-129
Win	[130]	90	-102
Win	[150]	90	-111
Win	[140]	90	-108
Win	[160]	90	-120
Loss	[220]	75	-180
Win	[150]	90	-138
Win	[170]	90	-147
Win	[200]	90	-165
Win	[160]	90	-123
Win	[150]	90	-117
Win	[170]	90	-135
Win	[150]	90	-117
Win	[180]	90	-120
Win	[160]	90	-111
Win	[140]	90	-99
Win	[170]	90	-132
Win	[150]	90	-111
Win	[150]	90	-117
Win	[140]	90	-99
Win	[170]	90	-135
Win	[190]	90	-171
Win	[160]	90	-114
Win	[140]	90	-99
Win	[160]	90	-108
Win	[140]	90	-117
Win	[150]	90	-120
Win	[160]	90	-114
Loss	[200]	90	-180
Win	[170]	90	-132
Win	[190]	90	-147
Win	[160]	90	-123
Win	[170]	90	-138
Win	[160]	90	-120
Win	[150]	90	-117
Win	[160]	90	-129
Win	[160]	90	-129
Win	250	90	-153
Win	[210]	90	-126
Win	[150]	90	-114
Win	[230]	90	-144
Win	[230]	90	-174
Loss	[190]	90	-180
Win	[210]	90	-120
Loss	[190]	90	-180
Win	[220]	90	-126
Loss	[210]	90	-180
Dogfall	250	63	-96
Dogfall	250	87	-165
Loss	[170]	90	-180
Dogfall	250	75	-171
Loss	250	57	-180
Dogfall	250	51	-156
Win	[200]	90	-114
Win	[240]	90	-150
Dogfall	250	69	-87
Win	[160]	90	-114
Loss	250	75	-180
Loss	[210]	3	-180
Dogfall	250	69	-147
Win	[210]	90	-138
Win	[230]	90	-135
Dogfall	250	90	0
Loss	[230]	-33	-180
Win	[160]	90	-138
Dogfall	250	75	-102
Dogfall	250	90	0
Dogfall	250	51	-165
Dogfall	250	90	0
Dogfall	250	90	0
Dogfall	250	90	0
Dogfall	250	90	0
Dogfall	250	90	0
Dogfall	250	90	0
Dogfall	250	90	0
Dogfall	250	90	0
Dogfall	250	90	0
Win	[230]	90	-153
Loss	[180]	90	-180
Win	[160]	90	-117
Dogfall	250	-15	-87
Win	[220]	90	-132
Win	[190]	90	-147
Dogfall	250	-15	-84
Win	[220]	90	-156
Win	[140]	90	-111
Win	[190]	90	-120
Win	[190]	90	-120
Win	[200]	90	-120
Win	[190]	90	-123
Win	[170]	90	-120
Win	[230]	90	-147
Dogfall	250	90	0
Dogfall	250	90	0
Win	[170]	90	-108
Dogfall	250	90	0
Dogfall	250	90	0
Dogfall	250	90	0
Dogfall	250	87	-147
Win	[200]	90	-123
Win	[210]	90	-132
Win	[160]	90	-123
Dogfall	250	90	0
Dogfall	250	90	0
Loss	[210]	90	-180
Win	[160]	90	-111
Dogfall	250	90	0
Dogfall	250	90	0
Dogfall	250	90	0
Dogfall	250	90	0
Dogfall	250	90	0
Dogfall	250	81	-159
Dogfall	250	90	0
Dogfall	250	81	-159
Loss	[180]	90	-180
Win	[190]	90	-126
Win	[180]	90	-123
Win	[150]	90	-99
Win	[170]	90	-126
Win	[180]	90	-126
Win	[160]	90	-117
Win	[150]	90	-117
Win	[170]	90	-141
Win	[160]	90	-123
Win	[160]	90	-117
Win	[180]	90	-138
Win	[160]	90	-129
Win	[130]	90	-102
Win	[160]	90	-129
Win	[150]	90	-105
Win	[130]	90	-114
Win	[160]	90	-117
Win	[160]	90	-99
Win	[150]	90	-111
Win	[170]	90	-132
Win	[160]	90	-123
Win	[190]	90	-141
Win	[140]	90	-123
Win	[150]	90	-117
Win	[150]	90	-117
Win	[160]	90	-117
Win	[150]	90	-123
Win	[140]	90	-99
Loss	[210]	69	-180
Win	[200]	90	-144
Loss	[210]	90	-180
Win	[170]	90	-129
Win	[150]	90	-117
Win	[150]	90	-120
Win	[170]	90	-120
Win	[140]	90	-114
Win	[170]	90	-120
Win	[150]	90	-105
Win	[200]	90	-135
Loss	[220]	75	-180
Win	[160]	90	-135
Loss	[240]	78	-180
Win	[200]	90	-159
Loss	[230]	87	-180
Dogfall	250	81	-171
Win	[170]	90	-117
Win	[190]	90	-132
Win	[190]	90	-138
Dogfall	250	87	-177
Win	[160]	90	-126
Dogfall	250	81	-171
Win	[170]	90	-114
Win	[160]	90	-123
Win	[150]	90	-102
Dogfall	250	69	-126
Win	[180]	90	-114
Win	[240]	90	-132
Loss	[160]	90	-180
Win	[160]	90	-141
Win	[170]	90	-111
Win	[160]	90	-117
Win	[170]	90	-129
Dogfall	250	69	-138
Win	[200]	90	-141
Dogfall	250	63	-141
Win	[160]	90	-117
Win	[180]	90	-120
Loss	[200]	90	-180
Loss	[220]	87	-180
Win	[150]	90	-117
Win	[200]	90	-144
Win	[190]	90	-144
Win	[140]	90	-102
Win	[150]	90	-111
Win	[140]	90	-114
Win	[150]	90	-105
Win	[160]	90	-108
Win	[190]	90	-147
Win	[170]	90	-162
Win	[210]	90	-153
Win	[160]	90	-114
Win	[140]	90	-102
Win	[180]	90	-126
Win	[150]	90	-129
Loss	[180]	90	-180
Win	[150]	90	-105
Loss	[230]	81	-180
Win	[140]	90	-102
Win	[170]	90	-129
Win	[150]	90	-111
Win	[150]	90	-114
Win	[140]	90	-108
Win	[190]	90	-135
Win	[160]	90	-141
Win	[150]	90	-105
Win	[170]	90	-126
Win	[150]	90	-120
Win	[150]	90	-123
Loss	[190]	90	-180
Win	[150]	90	-117
Win	[140]	90	-117
Win	[170]	90	-135
Win	[170]	90	-129
Dogfall	250	75	-159
Win	[190]	90	-126
Loss	[210]	51	-180
Win	[170]	90	-123
Win	[140]	90	-105
Win	[230]	90	-162
Win	[180]	90	-132
Win	[170]	90	-102
Win	[190]	90	-132
Win	[160]	90	-111
Win	[170]	90	-111
Dogfall	250	54	-171
Win	[160]	90	-129
Loss	[230]	36	-180
Win	[170]	90	-138
Loss	[230]	36	-180
Dogfall	250	75	-159
Dogfall	250	60	-132
Win	[150]	90	-123
Win	[190]	90	-138
Win	[170]	90	-138
Win	[210]	90	-159
Win	[170]	90	-129
Loss	[180]	90	-180
Win	[230]	90	-159
Win	[200]	90	-144
Win	[200]	90	-120
Win	[140]	90	-99
Loss	[210]	90	-180
Win	[190]	90	-144
Win	[190]	90	-105
Win	[170]	90	-105
Win	[220]	90	-111
Win	[240]	90	-150
Win	[230]	90	-171
Win	[160]	90	-135
Win	[170]	90	-123
Win	[150]	90	-105
Win	[150]	90	-117
Win	[180]	90	-135
Win	[150]	90	-102
Win	[180]	90	-126
Win	[160]	90	-153
Win	[160]	90	-129
Win	[190]	90	-156
Win	[160]	90	-126
Win	[180]	90	-138
Win	[170]	90	-126
Win	[180]	90	-138
Win	[160]	90	-132
Win	[160]	90	-129
Win	[180]	90	-135
Win	[150]	90	-117
Win	[190]	90	-126
Win	[140]	90	-117
Win	[140]	90	-102
Win	[240]	90	-150
Dogfall	250	87	-144
Win	[160]	90	-129
Win	[160]	90	-129
Dogfall	250	87	-177
Win	[140]	90	-108
Win	[160]	90	-129
Win	[140]	90	-117
Win	[150]	90	-117
Win	[150]	90	-129
Win	[160]	90	-123
Win	[150]	90	-99
Win	[140]	90	-108
Win	[180]	90	-126
Win	[170]	90	-132
Win	[170]	90	-135
Win	[150]	90	-123
Loss	[220]	63	-180
Win	[170]	90	-144
Win	[170]	90	-117
Win	[190]	90	-105
Win	[160]	90	-117
Win	[180]	90	-132
Win	[140]	90	-108
Win	[170]	90	-123
Win	[170]	90	-117
Win	[180]	90	-129
Win	[130]	90	-114
Win	[160]	90	-132
Win	[140]	90	-114
Win	[190]	90	-156
Win	[190]	90	-138
Win	[140]	90	-123
Win	[170]	90	-138
Win	[150]	90	-111
Win	[180]	90	-138
Win	[170]	90	-129
Win	[170]	90	-141
Loss	[200]	90	-180
Win	[160]	90	-147
Win	[160]	90	-126
Win	[140]	90	-114
Win	[170]	90	-120
