Win	[170]	180	-171
Win	[130]	180	-153
Win	[130]	180	-147
Win	[160]	180	-159
Win	[140]	180	-174
Win	[150]	180	-177
Win	[120]	180	-141
Win	[120]	180	-171
Win	[120]	180	-135
Win	[130]	180	-141
Loss	[130]	180	-180
Win	[140]	180	-156
Win	[140]	180	-177
Win	[120]	180	-174
Win	[150]	180	-165
Loss	[170]	180	-180
Win	[140]	180	-171
Win	[120]	180	-171
Win	[130]	180	-174
Win	[120]	180	-171
Win	[110]	180	-171
Win	[120]	180	-174
Loss	[110]	180	-180
Win	[130]	180	-168
Win	[150]	180	-138
Win	[170]	180	-144
Win	[140]	180	-126
Win	[140]	180	-132
Win	[120]	180	-147
Win	[150]	180	-126
Win	[130]	180	-141
Win	[120]	180	-171
Win	[130]	180	-141
Win	[120]	180	-165
Loss	[110]	180	-180
Win	[130]	180	-177
Win	[120]	180	-171
Win	[120]	180	-171
Loss	[120]	180	-180
Win	[130]	180	-177
Win	[130]	180	-162
Win	[160]	180	-144
Win	[150]	180	-126
Win	[130]	180	-111
Win	[140]	180	-120
Win	[140]	180	-120
Win	[130]	180	-123
Win	[130]	180	-141
Win	[160]	180	-138
Win	[130]	180	-123
Win	[120]	180	-111
Win	[140]	180	-126
Win	[160]	180	-150
Win	[120]	180	-117
Win	[130]	180	-105
Win	[140]	180	-138
Win	[150]	180	-132
Win	[120]	180	-117
Win	[130]	180	-141
Win	[140]	180	-135
Win	[170]	180	-150
Win	[140]	180	-126
Loss	[170]	180	-180
Loss	[120]	180	-180
Win	[140]	180	-132
Win	[140]	180	-138
Win	[130]	180	-129
Win	[110]	180	-111
Win	[130]	180	-129
Loss	[130]	180	-180
Win	[130]	180	-141
Win	[130]	180	-123
Win	[120]	180	-111
Win	[120]	180	-171
Win	[130]	180	-147
Loss	[120]	180	-180
Win	[120]	180	-171
Win	[130]	180	-147
Loss	[120]	180	-180
Win	[120]	180	-117
Win	[150]	180	-150
Win	[160]	180	-150
Win	[140]	180	-150
Win	[140]	180	-138
Win	[130]	180	-129
Loss	[170]	180	-180
Win	[130]	180	-153
Loss	[120]	180	-180
Loss	[130]	180	-180
Loss	[120]	180	-180
Win	[140]	180	-120
Win	[120]	180	-126
Win	[140]	180	-132
Win	[130]	180	-126
Win	[130]	180	-135
Win	[130]	180	-123
Win	[160]	180	-150
Win	[130]	180	-132
Win	[110]	180	-114
Win	[140]	180	-144
Win	[140]	180	-114
Win	[120]	180	-111
Win	[120]	180	-117
Win	[150]	180	-138
Win	[160]	180	-156
Win	[140]	180	-132
Win	[140]	180	-126
Win	[110]	180	-114
Win	[120]	180	-111
Win	[150]	180	-120
Win	[120]	180	-105
Win	[120]	180	-111
Win	[150]	180	-138
Win	[130]	180	-117
Win	[120]	180	-111
Win	[150]	180	-132
Win	[140]	180	-138
Win	[140]	180	-126
Win	[140]	180	-114
Win	[150]	180	-144
Win	[130]	180	-111
Win	[160]	180	-144
Win	[130]	180	-126
Win	[180]	180	-147
Win	[110]	180	-111
Win	[130]	180	-120
Win	[120]	180	-111
Win	[110]	180	-111
Win	[130]	180	-126
Win	[120]	180	-117
Win	[160]	180	-144
Win	[190]	180	-165
Win	[140]	180	-126
Win	[130]	180	-135
Win	[140]	180	-123
Win	[150]	180	-126
Win	[110]	180	-108
Win	[140]	180	-126
Win	[140]	180	-132
Win	[160]	180	-144
Win	[130]	180	-117
Win	[130]	180	-117
Win	[120]	180	-117
Win	[140]	180	-120
Win	[130]	180	-111
Win	[130]	180	-153
Win	[110]	180	-102
Win	[110]	180	-114
Win	[120]	180	-117
Win	[120]	180	-105
Win	[130]	180	-117
Loss	[200]	180	-180
Win	[140]	180	-132
Win	[110]	180	-114
Win	[160]	180	-156
Win	[130]	180	-138
Win	[150]	180	-144
Win	[160]	180	-162
Win	[130]	180	-126
Win	[130]	180	-138
Win	[140]	180	-168
Loss	[140]	180	-180
Loss	[120]	180	-180
Win	[120]	180	-168
Loss	[120]	180	-180
Win	[140]	180	-165
Win	[150]	180	-171
Win	[140]	180	-132
Win	[150]	180	-126
Win	[110]	180	-117
Win	[150]	180	-132
Win	[130]	180	-135
Win	[130]	180	-126
Win	[130]	180	-111
Win	[110]	180	-108
Win	[150]	180	-132
Win	[140]	180	-132
Win	[110]	180	-117
Win	[140]	180	-138
Win	[120]	180	-117
Win	[160]	180	-138
Win	[120]	180	-117
Win	[180]	180	-159
Win	[140]	180	-138
Win	[150]	180	-126
Win	[140]	180	-120
Win	[130]	180	-135
Win	[120]	180	-117
Win	[150]	180	-132
Win	[140]	180	-126
Win	[150]	180	-138
Win	[130]	180	-141
Win	[130]	180	-123
Win	[120]	180	-117
Win	[130]	180	-117
Win	[120]	180	-108
Win	[140]	180	-132
Win	[130]	180	-132
Win	[120]	180	-105
Win	[140]	180	-126
Win	[130]	180	-111
Win	[160]	180	-144
Win	[140]	180	-126
Win	[110]	180	-108
Win	[130]	180	-129
Win	[120]	180	-123
Win	[130]	180	-117
Win	[120]	180	-111
Win	[120]	180	-111
Win	[130]	180	-132
Win	[150]	180	-138
Win	[130]	180	-123
Win	[130]	180	-126
Win	[120]	180	-111
Win	[140]	180	-132
Win	[110]	180	-102
Win	[140]	180	-144
Win	[150]	180	-132
Win	[140]	180	-120
Win	[130]	180	-123
Win	[150]	180	-138
Win	[130]	180	-117
Win	[110]	180	-108
Win	[110]	180	-111
Win	[140]	180	-120
Win	[130]	180	-117
Win	[130]	180	-114
Win	[130]	180	-126
Win	[130]	180	-111
Win	[150]	180	-144
Win	[120]	180	-117
Win	[120]	180	-117
Win	[120]	180	-111
Win	[110]	180	-108
Win	[160]	180	-138
Win	[110]	180	-108
Win	[150]	180	-150
Win	[130]	180	-123
Win	[150]	180	-138
Win	[110]	180	-108
Win	[120]	180	-117
Win	[110]	180	-120
Win	[110]	180	-108
Win	[120]	180	-111
Win	[130]	180	-123
Win	[130]	180	-129
Win	[140]	180	-120
Win	[180]	180	-153
Win	[130]	180	-114
Win	[120]	180	-117
Win	[150]	180	-132
Win	[130]	180	-117
Win	[160]	180	-138
Win	[150]	180	-144
Win	[120]	180	-117
Win	[120]	180	-117
Win	[110]	180	-108
Win	[120]	180	-111
Win	[150]	180	-132
Win	[130]	180	-117
Win	[120]	180	-117
Win	[170]	180	-159
Win	[140]	180	-123
Win	[130]	180	-117
Win	[150]	180	-132
Win	[140]	180	-126
Win	[120]	180	-111
Win	[130]	180	-117
Win	[140]	180	-132
Win	[140]	180	-144
Win	[140]	180	-126
Win	[130]	180	-123
Win	[130]	180	-135
Win	[130]	180	-117
Win	[120]	180	-108
Win	[140]	180	-120
Loss	[130]	180	-180
Win	[120]	180	-174
Win	[150]	180	-132
Win	[130]	180	-117
Win	[120]	180	-174
Win	[140]	180	-177
Win	[120]	180	-171
Win	[120]	180	-174
Loss	[120]	180	-180
Loss	[120]	180	-180
Win	[120]	180	-171
Loss	[130]	180	-180
Win	[140]	180	-177
Loss	[110]	180	-180
Win	[120]	180	-159
Win	[120]	180	-171
Win	[130]	180	-177
Loss	[130]	180	-180
Loss	[110]	180	-180
Win	[130]	180	-168
Win	[140]	180	-126
Win	[120]	180	-111
Win	[120]	180	-117
Win	[110]	180	-111
Win	[110]	180	-108
Win	[130]	180	-123
Win	[140]	180	-132
Win	[140]	180	-126
Win	[120]	180	-123
Win	[120]	180	-117
Win	[130]	180	-123
Win	[110]	180	-108
Win	[190]	180	-171
Win	[130]	180	-117
Win	[150]	180	-144
Win	[120]	180	-117
Win	[140]	180	-132
Win	[150]	180	-138
Win	[130]	180	-111
Win	[130]	180	-114
Win	[160]	180	-144
Win	[120]	180	-111
Win	[130]	180	-120
Win	[140]	180	-126
Win	[140]	180	-126
Win	[120]	180	-123
Win	[120]	180	-117
Win	[110]	180	-117
Win	[120]	180	-123
Win	[120]	180	-123
Win	[130]	180	-105
Win	[150]	180	-132
Win	[130]	180	-111
Win	[130]	180	-117
Win	[120]	180	-117
Win	[150]	180	-132
Win	[150]	180	-126
Win	[130]	180	-135
Win	[130]	180	-120
Win	[130]	180	-117
Win	[130]	180	-117
Win	[120]	180	-105
Win	[130]	180	-117
Win	[150]	180	-138
Win	[130]	180	-135
Win	[130]	180	-123
Win	[140]	180	-129
Win	[110]	180	-108
Win	[170]	180	-144
Win	[120]	180	-111
Win	[150]	180	-144
Win	[140]	180	-132
Win	[140]	180	-138
Win	[150]	180	-126
Win	[130]	180	-129
Win	[120]	180	-117
Win	[130]	180	-123
Win	[110]	180	-102
Win	[120]	180	-117
Win	[140]	180	-126
Win	[130]	180	-123
Win	[130]	180	-126
Win	[130]	180	-117
Win	[140]	180	-132
Win	[130]	180	-114
Win	[130]	180	-126
Win	[140]	180	-126
Win	[150]	180	-132
Win	[140]	180	-123
Win	[110]	180	-114
Win	[120]	180	-111
Win	[130]	180	-126
Win	[110]	180	-108
Win	[110]	180	-114
Win	[200]	180	-171
Win	[160]	180	-144
Win	[130]	180	-117
Win	[160]	180	-138
Win	[130]	180	-162
Loss	[120]	180	-180
Win	[140]	180	-168
Win	[140]	180	-132
Loss	[160]	180	-180
Loss	[120]	180	-180
Loss	[120]	180	-180
Win	[130]	180	-123
Win	[110]	180	-117
Win	[120]	180	-117
Win	[140]	180	-120
Win	[120]	180	-111
Win	[120]	180	-123
Win	[120]	180	-117
Win	[120]	180	-117
Win	[140]	180	-126
Win	[160]	180	-144
Win	[120]	180	-117
Win	[130]	180	-111
Win	[130]	180	-123
Win	[140]	180	-132
Win	[140]	180	-126
Win	[120]	180	-111
Win	[130]	180	-123
Win	[130]	180	-123
Win	[160]	180	-132
Win	[140]	180	-138
Win	[120]	180	-123
Win	[120]	180	-135
Win	[130]	180	-123
Win	[130]	180	-123
Win	[140]	180	-120
Win	[150]	180	-132
Win	[130]	180	-117
Win	[130]	180	-141
Win	[140]	180	-126
Win	[120]	180	-117
Win	[140]	180	-126
Win	[110]	180	-108
Win	[130]	180	-120
Win	[120]	180	-117
Win	[120]	180	-117
Win	[130]	180	-120
Win	[120]	180	-117
Win	[140]	180	-120
Win	[130]	180	-120
Win	[150]	180	-120
Win	[130]	180	-117
Win	[110]	180	-108
Win	[140]	180	-132
Win	[120]	180	-117
Win	[130]	180	-132
Win	[120]	180	-114
Win	[170]	180	-141
Win	[140]	180	-120
Win	[140]	180	-138
Win	[140]	180	-120
Win	[140]	180	-120
Win	[120]	180	-111
Win	[130]	180	-141
Win	[140]	180	-120
Win	[160]	180	-144
Win	[130]	180	-120
Win	[130]	180	-129
Win	[150]	180	-132
Win	[150]	180	-138
Win	[140]	180	-126
Win	[130]	180	-117
Win	[130]	180	-123
Win	[130]	180	-123
Win	[140]	180	-120
Win	[130]	180	-141
Win	[150]	180	-138
Win	[130]	180	-111
Win	[140]	180	-123
Win	[110]	180	-108
Win	[110]	180	-114
Win	[110]	180	-102
Win	[140]	180	-120
Win	[130]	180	-132
Win	[150]	180	-144
Win	[110]	180	-114
Win	[150]	180	-138
Win	[140]	180	-144
Win	[130]	180	-123
Win	[140]	180	-120
Win	[140]	180	-138
Win	[110]	180	-102
Win	[120]	180	-117
Win	[160]	180	-138
Win	[140]	180	-126
Win	[120]	180	-129
Win	[120]	180	-117
Win	[120]	180	-129
Win	[160]	180	-144
Win	[160]	180	-132
Win	[150]	180	-138
Win	[130]	180	-114
Win	[140]	180	-132
Win	[120]	180	-171
Loss	[120]	180	-180
Win	[120]	180	-117
Win	[120]	180	-117
Win	[130]	180	-117
Win	[110]	180	-102
Win	[130]	180	-111
Win	[120]	180	-123
Win	[130]	180	-111
Win	[120]	180	-105
Win	[130]	180	-123
Win	[130]	180	-123
Win	[110]	180	-111
Win	[150]	180	-138
Win	[150]	180	-132
Win	[120]	180	-123
Win	[110]	180	-108
Win	[120]	180	-117
Win	[130]	180	-114
Win	[140]	180	-132
Win	[130]	180	-126
Win	[130]	180	-123
Win	[130]	180	-123
Win	[120]	180	-111
Win	[150]	180	-132
Win	[150]	180	-132
