Loss	[170]	180	-180
Win	[240]	180	-171
Win	250	180	-177
Win	[200]	180	-153
Win	[230]	180	-171
Win	[220]	180	-165
Win	[110]	180	-96
Win	[200]	180	-147
Win	[180]	180	-141
Win	[190]	180	-147
Win	[170]	180	-135
Win	[170]	180	-132
Win	[230]	180	-165
Win	[160]	180	-120
Win	[210]	180	-159
Win	[170]	180	-120
Win	[110]	180	-96
Win	[120]	180	-111
Win	[210]	180	-171
Win	[220]	180	-165
Win	[130]	180	-117
Win	[220]	180	-165
Loss	[220]	165	-180
Win	[160]	180	-132
Win	[170]	180	-141
Win	[150]	180	-120
Win	[150]	180	-114
Win	[230]	180	-177
Win	[240]	180	-177
Win	[110]	180	-102
Loss	[160]	180	-180
Win	[190]	180	-147
Loss	[230]	159	-180
Win	[200]	180	-147
Win	[190]	180	-141
Win	[170]	180	-132
Loss	[240]	177	-180
Win	[180]	180	-141
Win	[180]	180	-141
Win	[130]	180	-111
Win	[160]	180	-126
Win	[160]	180	-120
Win	[150]	180	-138
Loss	[220]	165	-180
Win	[140]	180	-117
Win	[220]	180	-159
Loss	[210]	165	-180
Win	[180]	180	-135
Win	[170]	180	-144
Win	[180]	180	-141
Win	[240]	180	-177
Win	[130]	180	-117
Win	[200]	180	-147
Win	[140]	180	-120
Win	[160]	180	-126
Win	[120]	180	-105
Win	[150]	180	-114
Win	[170]	180	-132
Win	[180]	180	-153
Win	[160]	180	-135
Win	[140]	180	-123
Win	[190]	180	-147
Win	[140]	180	-117
Win	[160]	180	-132
Win	[220]	180	-165
Win	[110]	180	-96
Win	[140]	180	-117
Win	[110]	180	-96
Win	[170]	180	-135
Win	[110]	180	-102
Loss	[130]	180	-180
Win	[160]	180	-126
Win	[140]	180	-111
Win	[110]	180	-111
Win	[150]	180	-120
Loss	[170]	180	-180
Win	[150]	180	-126
Loss	[180]	180	-180
Win	[200]	180	-147
Loss	[200]	180	-180
Win	[190]	180	-141
Win	[170]	180	-150
Win	[210]	180	-159
Win	[130]	180	-117
Win	[180]	180	-141
Win	[110]	180	-108
Win	[180]	180	-141
Win	[170]	180	-132
Win	[170]	180	-132
Win	[210]	180	-153
Win	[110]	180	-102
Win	[110]	180	-111
Win	[200]	180	-165
Win	[140]	180	-135
Win	[200]	180	-159
Win	[110]	180	-96
Win	[160]	180	-132
Win	[120]	180	-105
Win	[210]	180	-153
Win	[120]	180	-105
Win	[150]	180	-120
Win	[130]	180	-111
Win	[160]	180	-132
Win	[110]	180	-105
Win	[110]	180	-96
Win	[180]	180	-141
Win	[140]	180	-132
Win	[130]	180	-117
Win	[180]	180	-147
Win	[130]	180	-111
Win	[140]	180	-117
Win	[200]	180	-147
Win	[140]	180	-111
Win	[140]	180	-120
Win	[140]	180	-114
Win	[180]	180	-144
Win	[110]	180	-102
Win	[110]	180	-117
Win	[210]	180	-165
Win	[160]	180	-135
Win	[210]	180	-165
Win	[140]	180	-129
Win	[130]	180	-111
Loss	[170]	180	-180
Win	[170]	180	-141
Dogfall	250	171	-177
Win	[190]	180	-147
Win	[110]	180	-102
Win	[150]	180	-120
Win	[150]	180	-114
Win	[170]	180	-144
Win	[170]	180	-132
Win	[130]	180	-111
Win	[190]	180	-141
Win	[180]	180	-141
Win	[150]	180	-120
Win	[200]	180	-153
Win	[170]	180	-132
Win	[200]	180	-165
Loss	[220]	171	-180
Win	[110]	180	-102
Win	[140]	180	-117
Win	[190]	180	-153
Win	[210]	180	-171
Win	[170]	180	-126
Win	[170]	180	-150
Win	[110]	180	-108
Loss	[240]	177	-180
Win	[130]	180	-117
Win	[170]	180	-144
Win	[200]	180	-153
Win	[160]	180	-147
Win	[130]	180	-117
Win	[110]	180	-117
Win	[170]	180	-156
Win	[180]	180	-135
Win	[170]	180	-132
Win	[110]	180	-105
Win	[150]	180	-114
Loss	[170]	180	-180
Win	[150]	180	-120
Win	[170]	180	-126
Win	[140]	180	-114
Win	[200]	180	-147
Win	[130]	180	-117
Win	[150]	180	-114
Win	[140]	180	-117
Win	[240]	180	-171
Win	[130]	180	-111
Win	[200]	180	-159
Win	[110]	180	-108
Win	[200]	180	-165
Win	[140]	180	-126
Win	[180]	180	-144
Win	[180]	180	-141
Win	[150]	180	-126
Loss	[230]	177	-180
Win	[220]	180	-165
Win	[180]	180	-144
Win	[130]	180	-114
Win	[190]	180	-147
Win	[150]	180	-114
Win	[160]	180	-126
Win	[120]	180	-105
Win	[200]	180	-159
Win	[160]	180	-132
Win	[140]	180	-114
Win	[150]	180	-120
Win	[160]	180	-132
Win	[140]	180	-126
Win	[160]	180	-132
Win	[110]	180	-102
Win	[130]	180	-111
Win	[160]	180	-135
Win	[180]	180	-135
Win	[170]	180	-132
Win	[170]	180	-135
Win	[180]	180	-150
Win	[110]	180	-102
Win	[140]	180	-120
Win	[110]	180	-102
Loss	[240]	171	-180
Win	[210]	180	-153
Win	[130]	180	-117
Loss	[170]	180	-180
Win	[170]	180	-144
Win	[190]	180	-147
Win	[140]	180	-120
Win	[150]	180	-126
Win	[160]	180	-150
Win	[130]	180	-117
Win	[190]	180	-147
Loss	[230]	171	-180
Win	[160]	180	-132
Win	[120]	180	-105
Win	[180]	180	-141
Win	[170]	180	-132
Win	[170]	180	-135
Win	[170]	180	-132
Win	[130]	180	-111
Win	[170]	180	-126
Win	[120]	180	-99
Win	[180]	180	-147
Win	[110]	180	-105
Loss	[200]	171	-180
Loss	[160]	180	-180
Win	[190]	180	-147
Win	[180]	180	-141
Win	[170]	180	-126
Win	[170]	180	-135
Win	[150]	180	-120
Win	[240]	180	-171
Win	[110]	180	-102
Loss	[240]	177	-180
Win	[110]	180	-111
Win	[180]	180	-159
Win	[160]	180	-132
Win	[170]	180	-132
Win	[150]	180	-120
Win	[170]	180	-132
Win	250	180	-177
Win	[110]	180	-102
Win	[190]	180	-147
Win	[140]	180	-123
Win	[170]	180	-132
Win	[200]	180	-153
Loss	[240]	177	-180
Win	[140]	180	-120
Win	[110]	180	-108
Win	[110]	180	-102
Loss	[230]	171	-180
Win	[150]	180	-114
Win	[110]	180	-108
Win	[110]	180	-105
Win	[210]	180	-165
Win	[130]	180	-117
Win	[130]	180	-111
Win	[130]	180	-117
Win	[150]	180	-126
Win	[160]	180	-120
Win	[110]	180	-96
Loss	[210]	165	-180
Win	[150]	180	-114
Win	[150]	180	-120
Win	[110]	180	-108
Win	[120]	180	-99
Win	[150]	180	-123
Win	[140]	180	-114
Win	[170]	180	-132
Win	[190]	180	-159
Win	[170]	180	-132
Win	[150]	180	-114
Win	[150]	180	-120
Win	[120]	180	-105
Win	[150]	180	-126
Win	[180]	180	-153
Win	[150]	180	-114
Win	[210]	180	-159
Win	[240]	180	-177
Win	[130]	180	-105
Win	[150]	180	-114
Win	[200]	180	-147
Win	[110]	180	-99
Loss	[170]	180	-180
Win	[200]	180	-153
Win	[180]	180	-135
Win	[230]	180	-177
Win	[190]	180	-147
Win	[160]	180	-132
Win	[150]	180	-120
Win	[160]	180	-132
Win	[170]	180	-132
Win	[220]	180	-159
Win	[230]	180	-165
Win	[110]	180	-102
Loss	[170]	180	-180
Win	[210]	180	-153
Win	[120]	180	-105
Win	[130]	180	-114
Win	[150]	180	-114
Win	[200]	180	-153
Loss	[150]	180	-180
Win	[140]	180	-129
Win	[150]	180	-114
Win	[150]	180	-120
Win	[210]	180	-165
Win	[110]	180	-108
Win	[150]	180	-114
Loss	[230]	165	-180
Win	[230]	180	-171
Loss	[190]	180	-180
Win	[180]	180	-141
Win	[140]	180	-114
Win	[120]	180	-105
Win	[180]	180	-141
Win	[110]	180	-102
Loss	[240]	177	-180
Win	[170]	180	-135
Win	[200]	180	-147
Win	[170]	180	-132
Win	[170]	180	-132
Win	[150]	180	-126
Loss	[230]	165	-180
Win	[120]	180	-111
Win	[180]	180	-141
Win	[220]	180	-165
Win	[110]	180	-108
Win	[170]	180	-141
Win	[130]	180	-117
Loss	[240]	177	-180
Win	[170]	180	-132
Win	[200]	180	-153
Win	[160]	180	-126
Win	[230]	180	-165
Win	[170]	180	-144
Win	[230]	180	-165
Win	[180]	180	-141
Win	[110]	180	-102
Win	[230]	180	-171
Win	[190]	180	-141
Win	[130]	180	-111
Win	[120]	180	-99
Loss	[230]	165	-180
Win	[170]	180	-132
Win	[210]	180	-159
Win	[150]	180	-114
Win	[220]	180	-165
Win	[120]	180	-99
Win	[170]	180	-135
Win	[190]	180	-147
Win	[150]	180	-132
Win	[160]	180	-132
Win	[110]	180	-108
Win	[160]	180	-120
Win	[110]	180	-102
Loss	[170]	180	-180
Loss	[240]	177	-180
Win	[150]	180	-120
Win	[150]	180	-114
Win	[170]	180	-132
Win	[180]	180	-141
Win	[150]	180	-120
Win	[240]	180	-177
Win	[190]	180	-147
Win	[150]	180	-114
Win	[110]	180	-102
Win	[130]	180	-117
Win	[160]	180	-132
Win	[170]	180	-132
Loss	[230]	171	-180
Win	[110]	180	-102
Win	[120]	180	-111
Win	[160]	180	-132
Win	[190]	180	-147
Win	[130]	180	-114
Win	[230]	180	-171
Win	[170]	180	-138
Win	[130]	180	-117
Win	[140]	180	-114
Win	[230]	180	-171
Win	[110]	180	-102
Win	[200]	180	-147
Win	[180]	180	-141
Win	[220]	180	-165
Win	[110]	180	-105
Win	[140]	180	-120
Win	[160]	180	-132
Win	[170]	180	-132
Win	[130]	180	-117
Win	[220]	180	-165
Win	[160]	180	-132
Win	[120]	180	-111
Win	[150]	180	-126
Win	[220]	180	-165
Win	[210]	180	-159
Win	[170]	180	-132
Win	[200]	180	-147
Win	[140]	180	-117
Win	[180]	180	-147
Win	[190]	180	-147
Win	[120]	180	-99
Win	[140]	180	-111
Win	[190]	180	-153
Loss	250	171	-180
Win	[160]	180	-126
Dogfall	250	177	-177
Loss	[180]	180	-180
Win	[130]	180	-117
Win	[130]	180	-120
Win	[170]	180	-120
Win	[120]	180	-111
Win	[180]	180	-138
Win	[140]	180	-123
Win	[150]	180	-120
Win	[110]	180	-102
Loss	[230]	171	-180
Loss	[210]	180	-180
Win	[220]	180	-165
Win	[170]	180	-141
Win	[120]	180	-111
Win	[110]	180	-108
Win	[200]	180	-177
Win	[130]	180	-123
Win	[210]	180	-171
Win	[160]	180	-120
Win	[140]	180	-111
Loss	250	177	-180
Win	[150]	180	-120
Win	[110]	180	-102
Win	[190]	180	-156
Win	[120]	180	-111
Loss	[210]	153	-180
Loss	[190]	180	-180
Win	[170]	180	-132
Win	[190]	180	-153
Win	[170]	180	-135
Win	[110]	180	-108
Loss	[170]	180	-180
Loss	[180]	180	-180
Win	[190]	180	-147
Win	[210]	180	-165
Win	[110]	180	-108
Win	[110]	180	-111
Win	[120]	180	-111
Win	[190]	180	-141
Win	[110]	180	-96
Win	[190]	180	-147
Win	[140]	180	-126
Win	[220]	180	-165
Win	[170]	180	-132
Win	[220]	180	-159
Loss	[230]	171	-180
Win	[190]	180	-141
Win	[160]	180	-135
Win	[110]	180	-108
Win	[160]	180	-132
Win	[130]	180	-117
Win	[180]	180	-144
Win	[110]	180	-102
Win	[110]	180	-108
Win	[160]	180	-132
Win	[130]	180	-111
Win	[200]	180	-153
Win	[190]	180	-150
Win	[210]	180	-159
Win	[150]	180	-126
Win	[150]	180	-120
Win	[180]	180	-141
Win	[150]	180	-114
Win	[130]	180	-111
Win	[180]	180	-141
Win	[110]	180	-105
Loss	[220]	159	-180
Loss	[220]	171	-180
Win	[110]	180	-96
Win	[110]	180	-99
Win	[150]	180	-120
Win	[170]	180	-132
Win	[210]	180	-165
Win	[150]	180	-114
Loss	[200]	180	-180
Win	[180]	180	-147
Win	[170]	180	-138
Win	[170]	180	-150
Win	[170]	180	-135
Win	[170]	180	-120
Win	[170]	180	-126
Win	[110]	180	-102
Win	[180]	180	-147
Win	[190]	180	-141
Win	[110]	180	-102
Win	[190]	180	-141
Loss	[210]	153	-180
Win	[150]	180	-132
Win	[170]	180	-138
Win	[210]	180	-153
Win	[110]	180	-105
Win	[150]	180	-120
Win	[190]	180	-147
Win	[220]	180	-159
