0.00 0.00 0.00 0.00 0.00 0.00 0.00 0.00 0.00 0.00 0.00 0.00 0.00
0.00 0.00 0.00 0.00 0.00 0.00 0.00 0.00 0.00 0.00 0.00 0.00 0.00
0.00 0.00 -1.00 -1.00 -1.00 -1.00 -1.00 -1.00 -1.00 0.00 0.00 0.00 0.00
0.00 0.00 -1.00 -5.00 -5.00 -5.00 -5.00 -5.00 -1.00 0.00 0.00 0.00 0.00
0.00 0.00 -1.00 -6.00 -15.00 -15.00 -15.00 -6.00 -2.00 -1.00 0.00 0.00 0.00
0.00 0.00 -1.00 -6.00 -20.00 3.00 -20.00 -11.00 -7.00 -2.00 -1.00 0.00 0.00
0.00 0.00 -1.00 -6.00 -20.00 -33.00 -33.00 -24.00 -11.00 -6.00 -1.00 0.00 0.00
0.00 0.00 -1.00 -6.00 -11.00 -24.00 -10.00 -33.00 -20.00 -6.00 -1.00 0.00 0.00
0.00 0.00 -1.00 -2.00 -7.00 -20.00 -4.00 -31.00 -20.00 -6.00 -1.00 0.00 0.00
0.00 0.00 0.00 -1.00 -6.00 -10.00 6.00 -19.00 -19.00 -6.00 -1.00 0.00 0.00
0.00 0.00 0.00 -1.00 -2.00 -6.00 -6.00 -6.00 -6.00 -6.00 -1.00 0.00 0.00
0.00 0.00 0.00 0.00 -1.00 -1.00 -1.00 -1.00 -1.00 -1.00 -1.00 0.00 0.00
0.00 0.00 0.00 0.00 0.00 0.00 0.00 0.00 0.00 0.00 0.00 0.00 0.00
0.00 0.00 0.00 0.00 0.00 0.00 0.00 0.00 0.00 0.00 0.00 0.00 0.00
