0.00 0.00 0.00 0.00 0.00 0.00 0.00 0.00 0.00 0.00 0.00 0.00 0.00 0.00
0.00 0.00 0.00 0.00 0.00 0.00 0.00 0.00 0.00 0.00 0.00 0.00 0.00 0.00
0.00 0.00 25.00 -1.00 -1.00 -1.00 -1.00 -1.00 -1.00 -1.00 0.00 0.00 0.00 0.00
0.00 0.00 25.00 -1.00 -6.00 -7.00 -7.00 -7.00 -7.00 -3.00 -2.00 -1.00 0.00 0.00
0.00 0.00 0.00 -1.00 -7.00 -21.00 -25.00 -25.00 -16.00 -12.00 -7.00 -1.00 0.00 0.00
0.00 0.00 0.00 -1.00 -7.00 -25.00 -40.00 -47.00 -38.00 -25.00 -7.00 -1.00 0.00 0.00
0.00 0.00 50.00 -1.00 -7.00 -25.00 -47.00 -58.00 -49.00 -25.00 -7.00 -1.00 0.00 0.00
0.00 0.00 0.00 -1.00 -7.00 -16.00 -38.00 -49.00 -47.00 -25.00 -7.00 -1.00 0.00 0.00
0.00 0.00 0.00 -1.00 -3.00 -12.00 -25.00 -25.00 -25.00 -16.00 -7.00 -1.00 0.00 0.00
0.00 0.00 0.00 0.00 -2.00 -7.00 -7.00 -7.00 -7.00 -7.00 -3.00 -1.00 0.00 0.00
0.00 0.00 0.00 0.00 -1.00 -1.00 -1.00 -1.00 -1.00 -1.00 -1.00 0.00 0.00 0.00
0.00 0.00 0.00 0.00 0.00 0.00 0.00 0.00 0.00 0.00 0.00 0.00 0.00 0.00
0.00 0.00 0.00 0.00 0.00 0.00 0.00 0.00 0.00 0.00 0.00 0.00 0.00 0.00
