0.00 0.00 0.00 0.00 0.00 0.00 0.00 0.00 0.00 0.00 0.00 0.00
0.00 0.00 0.00 0.00 0.00 0.00 0.00 0.00 0.00 0.00 0.00 0.00
0.00 0.00 -1.00 -1.00 -1.00 -1.00 -1.00 -1.00 -1.00 0.00 0.00 0.00
0.00 0.00 -1.00 -5.00 -5.00 -5.00 -5.00 -5.00 -1.00 0.00 0.00 0.00
0.00 0.00 -2.00 19.00 -15.00 -15.00 -15.00 -6.00 -2.00 0.00 0.00 0.00
0.00 0.00 -3.00 -12.00 4.00 -23.00 -21.00 -12.00 -4.00 -1.00 0.00 0.00
0.00 0.00 -3.00 -16.00 -38.00 -38.00 -38.00 -20.00 -8.00 -1.00 0.00 0.00
0.00 0.00 -3.00 -16.00 -38.00 -24.00 -47.00 -29.00 -8.00 -1.00 0.00 0.00
0.00 0.00 -3.00 -12.00 -9.00 -45.00 -45.00 -25.00 -8.00 -1.00 0.00 0.00
0.00 0.00 -2.00 -11.00 -24.00 -33.00 -33.00 -24.00 -7.00 -1.00 0.00 0.00
0.00 0.00 -2.00 -7.00 -11.00 -11.00 -11.00 -11.00 -7.00 -1.00 0.00 0.00
0.00 0.00 -1.00 -2.00 -2.00 -2.00 -2.00 -2.00 -2.00 -1.00 0.00 0.00
0.00 0.00 0.00 0.00 0.00 0.00 0.00 0.00 0.00 0.00 0.00 0.00
0.00 0.00 0.00 0.00 0.00 0.00 0.00 0.00 0.00 0.00 0.00 0.00
