0.00 0.00 0.00 0.00 0.00 0.00 0.00 0.00 0.00 0.00 0.00
0.00 0.00 0.00 0.00 0.00 0.00 0.00 0.00 0.00 0.00 0.00
0.00 0.00 -1.00 -1.00 -1.00 -1.00 -1.00 -1.00 -1.00 0.00 0.00
0.00 0.00 -2.00 -6.00 -6.00 -6.00 -6.00 -6.00 -2.00 0.00 0.00
0.00 0.00 -3.00 14.00 -20.00 -20.00 -20.00 -11.00 -3.00 0.00 0.00
0.00 0.00 -3.00 10.00 -33.00 -35.00 -33.00 -15.00 -3.00 0.00 0.00
0.00 0.00 -3.00 -15.00 -42.00 -44.00 -42.00 -15.00 -3.00 0.00 0.00
0.00 0.00 -3.00 -15.00 -33.00 -35.00 -33.00 -15.00 -3.00 0.00 0.00
0.00 0.00 -3.00 14.00 5.00 -20.00 -20.00 -11.00 -3.00 0.00 0.00
0.00 0.00 -2.00 -6.00 -6.00 -6.00 -6.00 -6.00 -2.00 0.00 0.00
0.00 0.00 -1.00 -1.00 -1.00 -1.00 -1.00 -1.00 -1.00 0.00 0.00
0.00 0.00 0.00 0.00 0.00 0.00 0.00 0.00 0.00 0.00 0.00
0.00 0.00 0.00 0.00 0.00 0.00 0.00 0.00 0.00 0.00 0.00
