0.00 0.00 0.00 0.00 0.00 0.00 0.00 0.00 0.00 0.00 0.00
0.00 0.00 0.00 0.00 0.00 0.00 0.00 0.00 0.00 0.00 0.00
0.00 0.00 -2.00 -2.00 -2.00 -2.00 -2.00 -2.00 -2.00 0.00 0.00
0.00 0.00 -2.00 -10.00 -10.00 -10.00 -10.00 -10.00 -2.00 0.00 0.00
0.00 0.00 -2.00 -10.00 -28.00 -28.00 -28.00 -10.00 -2.00 0.00 0.00
0.00 0.00 -2.00 -10.00 -28.00 -32.00 -28.00 -10.00 -2.00 0.00 0.00
0.00 0.00 -2.00 -10.00 -28.00 22.00 -28.00 -10.00 -2.00 0.00 0.00
0.00 0.00 -2.00 -10.00 -10.00 15.00 -10.00 -10.00 -2.00 0.00 0.00
0.00 0.00 -2.00 -2.00 -2.00 23.00 -2.00 -2.00 -2.00 0.00 0.00
0.00 0.00 0.00 0.00 0.00 0.00 0.00 0.00 0.00 0.00 0.00
0.00 0.00 0.00 0.00 0.00 0.00 0.00 0.00 0.00 0.00 0.00
