0.00 0.00 0.00 0.00 0.00 0.00 0.00 0.00 0.00 0.00 0.00 0.00 0.00
0.00 0.00 0.00 0.00 0.00 0.00 0.00 0.00 0.00 0.00 0.00 0.00 0.00
0.00 0.00 -1.00 -1.00 -1.00 -1.00 -1.00 -1.00 -1.00 0.00 0.00 0.00 0.00
0.00 0.00 -2.00 -6.00 -7.00 -7.00 -7.00 -7.00 -3.00 -1.00 -1.00 0.00 0.00
0.00 0.00 -3.00 -11.00 -21.00 -25.00 -25.00 -16.00 -8.00 -5.00 -1.00 0.00 0.00
0.00 0.00 -3.00 -15.00 -34.00 -40.00 -47.00 -29.00 -17.00 -5.00 -1.00 0.00 0.00
0.00 0.00 -3.00 -15.00 -43.00 -49.00 -56.00 -31.00 -17.00 -5.00 -1.00 0.00 0.00
0.00 0.00 -3.00 -15.00 -34.00 -40.00 -47.00 -29.00 -17.00 -5.00 -1.00 0.00 0.00
0.00 0.00 -3.00 -11.00 -21.00 -25.00 -25.00 -16.00 -8.00 -5.00 -1.00 0.00 0.00
0.00 0.00 -2.00 -6.00 -7.00 -7.00 -7.00 -7.00 -3.00 -1.00 -1.00 0.00 0.00
0.00 0.00 -1.00 -1.00 -1.00 -1.00 -1.00 -1.00 -1.00 0.00 0.00 0.00 0.00
0.00 0.00 0.00 0.00 0.00 0.00 0.00 0.00 0.00 0.00 0.00 0.00 0.00
0.00 0.00 0.00 0.00 0.00 0.00 0.00 0.00 0.00 0.00 0.00 0.00 0.00
