0.00 0.00 0.00 0.00 0.00 0.00 0.00 0.00 0.00 0.00 0.00 0.00
0.00 0.00 0.00 0.00 0.00 0.00 0.00 0.00 0.00 0.00 0.00 0.00
0.00 0.00 0.00 -1.00 -1.00 -1.00 -1.00 -1.00 -1.00 -1.00 0.00 0.00
0.00 0.00 -1.00 -3.00 -7.00 -7.00 -7.00 -7.00 -7.00 -2.00 0.00 0.00
0.00 0.00 -1.00 -7.00 35.00 -24.00 -24.00 -24.00 -11.00 -2.00 0.00 0.00
0.00 0.00 -1.00 -7.00 -24.00 -42.00 -44.00 -33.00 -11.00 -2.00 0.00 0.00
0.00 0.00 -1.00 -7.00 -24.00 -44.00 -44.00 -33.00 -11.00 -2.00 0.00 0.00
0.00 0.00 -1.00 -7.00 1.00 -8.00 -33.00 -24.00 -11.00 -2.00 0.00 0.00
0.00 0.00 -1.00 -7.00 -11.00 -11.00 -11.00 -11.00 -7.00 -2.00 0.00 0.00
0.00 0.00 -1.00 -2.00 -2.00 -2.00 -2.00 -2.00 -2.00 -1.00 0.00 0.00
0.00 0.00 0.00 0.00 0.00 0.00 0.00 0.00 0.00 0.00 0.00 0.00
0.00 0.00 0.00 0.00 0.00 0.00 0.00 0.00 0.00 0.00 0.00 0.00
