Loss	[210]	360	-360
Loss	[180]	360	-360
Loss	[210]	360	-360
Win	[240]	360	-354
Win	[180]	360	-339
Win	[190]	360	-339
Win	[160]	360	-354
Loss	[180]	360	-360
Loss	[170]	360	-360
Win	[120]	360	-339
Win	[190]	360	-339
Win	[130]	360	-342
Win	[210]	360	-354
Loss	[190]	360	-360
Loss	[140]	360	-360
Loss	[360]	360	-360
Loss	[160]	360	-360
Win	[250]	360	-357
Loss	[170]	360	-360
Loss	[240]	360	-360
Win	[160]	360	-342
Loss	[190]	360	-360
Win	[170]	360	-351
Loss	[190]	360	-360
Loss	[190]	360	-360
Win	[190]	360	-357
Win	[180]	360	-348
Win	[190]	360	-351
Loss	[200]	360	-360
Loss	[180]	360	-360
Loss	[190]	360	-360
Loss	[180]	360	-360
Loss	[180]	360	-360
Win	[190]	360	-354
Loss	[160]	360	-360
Win	[190]	360	-342
Loss	[140]	360	-360
Win	[170]	360	-351
Loss	[180]	360	-360
Loss	[160]	360	-360
Loss	[250]	360	-360
Win	[160]	360	-345
Loss	[190]	360	-360
Loss	[200]	360	-360
Loss	[200]	360	-360
Loss	[140]	360	-360
Loss	[250]	360	-360
Loss	[220]	360	-360
Win	[180]	360	-339
Win	[200]	360	-342
Win	[180]	360	-333
Loss	[140]	360	-360
Win	[170]	360	-330
Loss	[200]	360	-360
Win	[190]	360	-342
Loss	[180]	360	-360
Loss	[230]	360	-360
Loss	[220]	360	-360
Win	[200]	360	-303
Loss	[220]	360	-360
Loss	[160]	360	-360
Loss	[180]	360	-360
Loss	[160]	360	-360
Loss	[210]	360	-360
Win	[170]	360	-351
Win	[190]	360	-357
Win	[210]	360	-357
Loss	[180]	360	-360
Loss	[200]	360	-360
Loss	[180]	360	-360
Loss	[180]	360	-360
Win	[190]	360	-339
Loss	[180]	360	-360
Loss	[150]	360	-360
Loss	[160]	360	-360
Loss	[200]	360	-360
Loss	[180]	360	-360
Loss	[170]	360	-360
Loss	[190]	360	-360
Loss	[140]	360	-360
Loss	[170]	360	-360
Loss	[130]	360	-360
Loss	[140]	360	-360
Loss	[180]	360	-360
Win	[200]	360	-354
Win	[230]	360	-357
Win	[120]	360	-342
Win	[180]	360	-348
Loss	[150]	360	-360
Loss	[150]	360	-360
Loss	[200]	360	-360
Loss	[170]	360	-360
Loss	[210]	360	-360
Loss	[170]	360	-360
Win	[180]	360	-354
Loss	[160]	360	-360
Loss	[150]	360	-360
Loss	[170]	360	-360
Loss	[200]	360	-360
Loss	[170]	360	-360
Loss	[190]	360	-360
Win	[180]	360	-330
Loss	[160]	360	-360
Loss	[160]	360	-360
Win	[180]	360	-348
Loss	[170]	360	-360
Loss	[190]	360	-360
Loss	[200]	360	-360
Win	[200]	360	-336
Win	[160]	360	-351
Win	[160]	360	-354
Loss	[160]	360	-360
Loss	[170]	360	-360
Loss	[210]	360	-360
Loss	[210]	360	-360
Win	[200]	360	-348
Loss	[170]	360	-360
Win	[200]	360	-351
Loss	[200]	360	-360
Loss	[120]	360	-360
Win	[220]	360	-351
Win	[210]	360	-342
Loss	[180]	360	-360
Win	[180]	360	-330
Win	[200]	360	-351
Loss	[150]	360	-360
Win	[220]	360	-357
Win	[210]	360	-357
Loss	[140]	360	-360
Win	[190]	360	-342
Loss	[200]	360	-360
Loss	[220]	360	-360
Win	[110]	360	-336
Loss	[200]	360	-360
Win	[190]	360	-345
Loss	[160]	360	-360
Win	[190]	360	-351
Loss	[150]	360	-360
Loss	[200]	360	-360
Loss	[170]	360	-360
Win	[200]	360	-351
Loss	[200]	360	-360
Win	[180]	360	-357
Win	[180]	360	-354
Loss	[170]	360	-360
Loss	[190]	360	-360
Loss	[190]	360	-360
Loss	[200]	360	-360
Loss	[150]	360	-360
Win	[180]	360	-351
Loss	[180]	360	-360
Win	[210]	360	-357
Loss	[170]	360	-360
Win	[180]	360	-348
Loss	[150]	360	-360
Loss	[210]	360	-360
Loss	[230]	360	-360
Win	[130]	360	-336
Loss	[200]	360	-360
Win	[150]	360	-342
Win	[250]	360	-339
Loss	[220]	360	-360
Win	[110]	360	-336
Loss	[200]	360	-360
Loss	[200]	360	-360
Win	[170]	360	-351
Loss	[200]	360	-360
Loss	[180]	360	-360
Win	[180]	360	-342
Win	[170]	360	-351
Loss	[160]	360	-360
Win	[170]	360	-348
Loss	[140]	360	-360
Win	[180]	360	-351
Loss	[190]	360	-360
Loss	[180]	360	-360
Loss	[170]	360	-360
Win	[170]	360	-351
Win	[190]	360	-339
Loss	[160]	360	-360
Win	[210]	360	-354
Loss	[210]	360	-360
Loss	[260]	360	-360
Loss	[200]	360	-360
Win	[180]	360	-333
Loss	[210]	360	-360
Win	[220]	360	-345
Win	[170]	360	-327
Win	[140]	360	-333
Win	[200]	360	-345
Loss	[240]	360	-360
Loss	[190]	360	-360
Loss	[150]	360	-360
Win	[190]	360	-345
Loss	[160]	360	-360
Win	[210]	360	-354
Loss	[180]	360	-360
Win	[150]	360	-345
Loss	[210]	360	-360
Win	[180]	360	-354
Win	[190]	360	-339
Loss	[230]	360	-360
Loss	[250]	360	-360
Loss	[210]	360	-360
Win	[180]	360	-330
Loss	[190]	360	-360
Loss	[210]	360	-360
Win	[210]	360	-348
Loss	[170]	360	-360
Loss	[300]	360	-360
Win	[200]	360	-351
Loss	[210]	360	-360
Win	[280]	360	-357
Loss	[190]	360	-360
Loss	[190]	360	-360
Loss	[140]	360	-360
Loss	[120]	360	-360
Loss	[180]	360	-360
Loss	[190]	360	-360
Loss	[190]	360	-360
Loss	[190]	360	-360
Loss	[150]	360	-360
Win	[180]	360	-336
Loss	[170]	360	-360
Win	[210]	360	-342
Win	[180]	360	-336
Loss	[190]	360	-360
Win	[190]	360	-336
Win	[120]	360	-330
Win	[210]	360	-333
Loss	[190]	360	-360
Win	[200]	360	-354
Loss	[190]	360	-360
Loss	[190]	360	-360
Loss	[200]	360	-360
Win	[160]	360	-315
Loss	[140]	360	-360
Loss	[180]	360	-360
Win	[210]	360	-357
Loss	[140]	360	-360
Win	[190]	360	-357
Loss	[160]	360	-360
Loss	[160]	360	-360
Loss	[230]	360	-360
Loss	[150]	360	-360
Win	[190]	360	-354
Win	[210]	360	-306
Loss	[190]	360	-360
Loss	[190]	360	-360
Loss	[200]	360	-360
Loss	[140]	360	-360
Loss	[180]	360	-360
Loss	[230]	360	-360
Loss	[200]	360	-360
Win	[210]	360	-321
Win	[120]	360	-321
Loss	[210]	360	-360
Loss	[210]	360	-360
Win	[240]	360	-357
Loss	[210]	360	-360
Win	[190]	360	-336
Win	[180]	360	-336
Win	[210]	360	-348
Loss	[220]	360	-360
Win	[120]	360	-327
Win	[170]	360	-324
Loss	[220]	360	-360
Win	[210]	360	-357
Win	[220]	360	-357
Loss	[150]	360	-360
Loss	[210]	360	-360
Win	[200]	360	-351
Win	[180]	360	-351
Loss	[170]	360	-360
Win	[200]	360	-348
Win	[170]	360	-330
Loss	[160]	360	-360
Loss	[240]	360	-360
Win	[200]	360	-354
Win	[270]	360	-342
Loss	[210]	360	-360
Loss	[190]	360	-360
Loss	[140]	360	-360
Loss	[320]	360	-360
Loss	[140]	360	-360
Loss	[150]	360	-360
Loss	[140]	360	-360
Loss	[190]	360	-360
Loss	[190]	360	-360
Win	[160]	360	-330
Win	[200]	360	-345
Loss	[200]	360	-360
Loss	[160]	360	-360
Win	[170]	360	-333
Loss	[200]	360	-360
Win	[210]	360	-348
Loss	[170]	360	-360
Win	[160]	360	-345
Loss	[220]	360	-360
Loss	[230]	360	-360
Win	[200]	360	-357
Loss	[200]	360	-360
Loss	[190]	360	-360
Loss	[200]	360	-360
Win	[190]	360	-354
Loss	[180]	360	-360
Win	[210]	360	-327
Win	[220]	360	-357
Loss	[190]	360	-360
Loss	[130]	360	-360
Loss	[180]	360	-360
Win	[190]	360	-336
Win	[170]	360	-348
Loss	[180]	360	-360
Loss	[180]	360	-360
Loss	[180]	360	-360
Win	[190]	360	-336
Win	[180]	360	-348
Loss	[190]	360	-360
Win	[210]	360	-336
Win	[170]	360	-354
Win	[140]	360	-336
Loss	[170]	360	-360
Loss	[160]	360	-360
Win	[230]	360	-354
Loss	[180]	360	-360
Win	[130]	360	-345
Win	[210]	360	-324
Loss	[130]	360	-360
Win	[190]	360	-330
Win	[160]	360	-345
Win	[160]	360	-336
Win	[200]	360	-342
Win	[210]	360	-351
Win	[190]	360	-354
Loss	[170]	360	-360
Win	[190]	360	-354
Win	[130]	360	-330
Win	[210]	360	-330
Win	[190]	360	-345
Loss	[170]	360	-360
Win	[170]	360	-336
Loss	[170]	360	-360
Win	[190]	360	-354
Win	[190]	360	-348
Loss	[180]	360	-360
Win	[170]	360	-330
Win	[190]	360	-351
Win	[210]	360	-348
Loss	[180]	360	-360
Win	[180]	360	-339
Win	[190]	360	-339
Loss	[220]	360	-360
Win	[230]	360	-357
Loss	[180]	360	-360
Win	[200]	360	-345
Win	[210]	360	-345
Loss	[200]	360	-360
Loss	[180]	360	-360
Win	[150]	360	-321
Loss	[160]	360	-360
Loss	[190]	360	-360
Win	[200]	360	-321
Win	[170]	360	-321
Win	[160]	360	-336
Win	[200]	360	-342
Win	[160]	360	-339
Loss	[180]	360	-360
Win	[210]	360	-348
Win	[160]	360	-351
Loss	[150]	360	-360
Loss	[160]	360	-360
Win	[180]	360	-336
Win	[200]	360	-318
Win	[190]	360	-339
Win	[210]	360	-354
Win	[200]	360	-357
Win	[190]	360	-354
Win	[200]	360	-354
Win	[170]	360	-354
Loss	[190]	360	-360
Loss	[170]	360	-360
Loss	[160]	360	-360
Win	[260]	360	-357
Loss	[190]	360	-360
Win	[230]	360	-342
Win	[170]	360	-351
Loss	[200]	360	-360
Win	[210]	360	-342
Win	[170]	360	-333
Loss	[160]	360	-360
Loss	[170]	360	-360
Win	[160]	360	-336
Win	[200]	360	-348
Win	[180]	360	-336
Win	[200]	360	-342
Loss	[220]	360	-360
Loss	[190]	360	-360
Loss	[180]	360	-360
Win	[180]	360	-339
Loss	[210]	360	-360
Loss	[170]	360	-360
Loss	[140]	360	-360
Loss	[170]	360	-360
Win	[200]	360	-333
Loss	[200]	360	-360
Loss	[210]	360	-360
Win	[120]	360	-327
Win	[200]	360	-342
Loss	[220]	360	-360
Win	[180]	360	-336
Win	[200]	360	-336
Win	[210]	360	-357
Win	[170]	360	-339
Win	[170]	360	-333
Loss	[190]	360	-360
Loss	[150]	360	-360
Loss	[160]	360	-360
Win	[190]	360	-336
Loss	[170]	360	-360
Win	[240]	360	-327
Win	[170]	360	-324
Loss	[200]	360	-360
Win	[210]	360	-327
Loss	[200]	360	-360
Win	[120]	360	-315
Loss	[230]	360	-360
Win	[170]	360	-336
Loss	[190]	360	-360
Win	[210]	360	-357
Loss	[230]	360	-360
Loss	[150]	360	-360
Win	[190]	360	-342
Win	[180]	360	-348
Loss	[210]	360	-360
Win	[170]	360	-336
Win	[190]	360	-318
Loss	[190]	360	-360
Win	[220]	360	-357
Win	[190]	360	-339
Win	[170]	360	-324
Win	[180]	360	-336
Loss	[180]	360	-360
Win	[210]	360	-357
Win	[180]	360	-354
Loss	[170]	360	-360
Loss	[200]	360	-360
Loss	[220]	360	-360
Win	[190]	360	-342
Loss	[190]	360	-360
Win	[180]	360	-348
Win	[200]	360	-339
Loss	[190]	360	-360
Loss	[240]	360	-360
Win	[210]	360	-357
Loss	[180]	360	-360
Win	[200]	360	-333
Win	[190]	360	-345
Win	[190]	360	-351
Win	[190]	360	-342
Loss	[210]	360	-360
Loss	[180]	360	-360
Loss	[230]	360	-360
Win	[200]	360	-339
Loss	[190]	360	-360
Win	[190]	360	-348
Loss	[240]	360	-360
Win	[170]	360	-351
Win	[180]	360	-342
Loss	[160]	360	-360
Win	[200]	360	-327
Loss	[190]	360	-360
Win	[220]	360	-342
Loss	[210]	360	-360
Loss	[180]	360	-360
Loss	[190]	360	-360
Loss	[170]	360	-360
Loss	[190]	360	-360
Win	[200]	360	-354
Loss	[200]	360	-360
Win	[200]	360	-339
Loss	[200]	360	-360
Win	[180]	360	-339
Win	[200]	360	-345
Win	[210]	360	-318
Loss	[160]	360	-360
Win	[190]	360	-351
Loss	[180]	360	-360
Win	[200]	360	-348
Win	[210]	360	-354
Win	[190]	360	-351
Win	[230]	360	-312
Win	[170]	360	-330
Win	[230]	360	-357
Win	[200]	360	-345
Win	[170]	360	-333
Win	[200]	360	-357
Win	[210]	360	-354
Win	[180]	360	-330
