Win	[180]	90	-126
Win	250	90	-159
Loss	[170]	90	-180
Win	[150]	90	-102
Loss	[160]	90	-180
Dogfall	250	42	-171
Win	[210]	90	-150
Loss	[180]	90	-180
Win	[190]	90	-138
Win	[170]	90	-123
Loss	[180]	90	-180
Dogfall	250	87	-177
Loss	[190]	90	-180
Win	[160]	90	-117
Win	[160]	90	-141
Loss	[210]	90	-180
Loss	[200]	90	-180
Win	[180]	90	-153
Win	[170]	90	-126
Win	[140]	90	-114
Win	[190]	90	-138
Win	[200]	90	-156
Win	[200]	90	-150
Loss	[200]	63	-180
Win	[140]	90	-108
Win	[170]	90	-120
Win	[210]	90	-159
Win	[160]	90	-120
Win	[170]	90	-141
Win	[150]	90	-105
Win	[150]	90	-111
Win	[180]	90	-141
Win	[200]	90	-159
Win	[230]	90	-171
Win	[240]	90	-177
Win	[170]	90	-141
Win	[200]	90	-165
Loss	[190]	90	-180
Loss	[240]	63	-180
Win	[200]	90	-117
Win	[200]	90	-144
Loss	[180]	90	-180
Win	[210]	90	-168
Win	[210]	90	-162
Win	[240]	90	-168
Win	[180]	90	-138
Win	[190]	90	-144
Dogfall	250	87	-165
Win	[200]	90	-144
Win	[170]	90	-111
Win	[210]	90	-159
Loss	[190]	90	-180
Win	[200]	90	-141
Win	[190]	90	-144
Win	[180]	90	-138
Win	[190]	90	-126
Win	[180]	90	-120
Win	[220]	90	-141
Loss	250	36	-180
Win	[210]	90	-132
Dogfall	250	69	-168
Win	[190]	90	-117
Win	250	90	-165
Win	[200]	90	-144
Win	[200]	90	-138
Win	[210]	90	-135
Win	[180]	90	-138
Win	[180]	90	-105
Dogfall	250	81	-171
Loss	250	75	-180
Win	[190]	90	-129
Win	[150]	90	-129
Win	[130]	90	-105
Win	[210]	90	-114
Loss	[190]	90	-180
Win	[170]	90	-126
Win	[220]	90	-138
Dogfall	250	69	-171
Loss	[190]	90	-180
Dogfall	250	87	-177
Win	[190]	90	-132
Win	[160]	90	-111
Dogfall	250	63	-162
Dogfall	250	87	-153
Dogfall	250	51	-171
Win	[130]	90	-96
Win	[170]	90	-117
Loss	250	81	-180
Win	[160]	90	-117
Win	[180]	90	-126
Loss	[200]	30	-180
Win	[180]	90	-132
Loss	[240]	45	-180
Win	[210]	90	-144
Win	[160]	90	-120
Win	[190]	90	-126
Win	[200]	90	-126
Win	[220]	90	-135
Loss	[190]	90	-180
Win	[190]	90	-126
Dogfall	250	87	-141
Loss	[190]	90	-180
Win	[150]	90	-117
Win	[160]	90	-114
Win	[180]	90	-132
Win	[190]	90	-120
Win	[210]	90	-174
Win	[220]	90	-132
Win	[150]	90	-108
Dogfall	250	87	-159
Loss	[200]	90	-180
Loss	[230]	12	-180
Win	[230]	90	-114
Loss	[190]	90	-180
Loss	250	69	-180
Loss	[220]	42	-180
Win	[230]	90	-132
Loss	250	57	-180
Dogfall	250	57	-141
Win	[230]	90	-150
Loss	[180]	90	-180
Loss	[210]	6	-180
Win	[190]	90	-123
Win	[190]	90	-132
Win	[160]	90	-108
Loss	[220]	87	-180
Dogfall	250	63	-141
Win	[240]	90	-141
Win	[200]	90	-150
Dogfall	250	87	-138
Loss	[190]	90	-180
Dogfall	250	81	-156
Win	[200]	90	-141
Win	[180]	90	-123
Win	[160]	90	-105
Dogfall	250	51	-165
Win	[150]	90	-117
Dogfall	250	75	-171
Win	[160]	90	-111
Loss	[190]	90	-180
Win	[150]	90	-114
Win	[220]	90	-153
Win	[190]	90	-126
Win	[190]	90	-123
Win	[180]	90	-126
Loss	[210]	90	-180
Win	[150]	90	-120
Win	[190]	90	-144
Win	[180]	90	-117
Win	[170]	90	-129
Win	[170]	90	-135
Win	[170]	90	-123
Win	[140]	90	-99
Dogfall	250	81	-177
Win	[220]	90	-147
Dogfall	250	81	-159
Win	[150]	90	-114
Win	[190]	90	-117
Win	[160]	90	-123
Win	[140]	90	-108
Dogfall	250	81	-108
Dogfall	250	90	0
Dogfall	250	90	0
Dogfall	250	63	-135
Dogfall	250	81	-165
Dogfall	250	81	-153
Loss	[210]	45	-180
Win	[170]	90	-123
Win	[180]	90	-108
Loss	[190]	90	-180
Win	[140]	90	-117
Dogfall	250	90	0
Win	[160]	90	-117
Win	[210]	90	-117
Dogfall	250	90	0
Dogfall	250	90	0
Win	[170]	90	-114
Dogfall	250	-90	0
Win	[180]	90	-132
Win	250	90	-144
Dogfall	250	90	0
Dogfall	250	45	0
Dogfall	250	90	0
Dogfall	250	90	0
Dogfall	250	90	0
Dogfall	250	90	0
Dogfall	250	90	0
Dogfall	250	90	0
Win	[220]	90	-120
Win	[180]	90	-147
Win	[180]	90	-114
Dogfall	250	90	0
Dogfall	250	87	-126
Dogfall	250	69	-132
Dogfall	250	90	0
Dogfall	250	90	0
Dogfall	250	90	0
Dogfall	250	90	0
Win	250	90	-135
Win	[170]	90	-132
Dogfall	250	90	0
Win	[220]	90	-114
Dogfall	250	90	0
Dogfall	250	90	0
Win	[160]	90	-123
Dogfall	250	90	0
Dogfall	250	90	0
Dogfall	250	90	0
Dogfall	250	90	0
Loss	[220]	18	-180
Dogfall	250	90	0
Dogfall	250	90	0
Dogfall	250	69	-159
Win	[210]	90	-156
Win	[160]	90	-117
Win	[210]	90	-168
Dogfall	250	90	0
Dogfall	250	90	0
Win	[220]	90	-174
Dogfall	250	90	0
Loss	[180]	90	-180
Dogfall	250	90	0
Dogfall	250	90	0
Win	[140]	90	-99
Win	250	90	-162
Win	[150]	90	-111
Win	[140]	90	-111
Win	[170]	90	-141
Win	250	90	-159
Win	[240]	90	-138
Win	[140]	90	-123
Win	[150]	90	-117
Win	[200]	90	-141
Win	[160]	90	-117
Win	[200]	90	-120
Win	[140]	90	-105
Loss	[220]	48	-180
Win	[210]	90	-165
Win	[160]	90	-129
Win	[150]	90	-123
Win	[180]	90	-147
Win	[180]	90	-156
Win	[230]	90	-162
Win	[240]	90	-138
Win	[160]	90	-123
Dogfall	250	90	0
Dogfall	250	69	-132
Win	[200]	90	-126
Win	[170]	90	-114
Win	[200]	90	-153
Dogfall	250	75	-171
Win	[170]	90	-114
Win	[200]	90	-132
Win	[160]	90	-123
Win	[160]	90	-129
Loss	[210]	87	-180
Win	[180]	90	-135
Win	[170]	90	-129
Win	[140]	90	-123
Win	[170]	90	-126
Win	250	90	-132
Win	[160]	90	-114
Loss	[170]	90	-180
Dogfall	250	90	0
Dogfall	250	90	0
Dogfall	250	75	-156
Dogfall	250	90	0
Loss	[190]	90	-180
Dogfall	250	90	0
Loss	[220]	42	-180
Dogfall	250	87	-171
Win	[240]	90	-126
Dogfall	250	90	0
Dogfall	250	90	0
Dogfall	250	90	0
Loss	[170]	90	-180
Win	[170]	90	-117
Win	[170]	90	-120
Win	[160]	90	-111
Win	[140]	90	-108
Win	[160]	90	-132
Win	[160]	90	-123
Win	[180]	90	-132
Win	[180]	90	-120
Win	[240]	90	-135
Loss	[170]	90	-180
Win	[140]	90	-105
Win	[140]	90	-99
Win	[220]	90	-165
Loss	[230]	81	-180
Win	[160]	90	-111
Win	[160]	90	-111
Win	[160]	90	-102
Win	[190]	90	-117
Loss	[190]	90	-180
Win	[240]	90	-111
Win	[220]	90	-141
Win	[150]	90	-105
Win	[170]	90	-108
Win	[180]	90	-123
Win	[180]	90	-105
Win	[130]	90	-111
Win	[160]	90	-132
Win	[190]	90	-114
Win	[220]	90	-153
Win	[160]	90	-117
Loss	[210]	87	-180
Win	[140]	90	-123
Win	[160]	90	-117
Win	[160]	90	-117
Dogfall	250	57	-132
Win	[180]	90	-150
Win	[200]	90	-123
Win	[190]	90	-150
Win	[180]	90	-123
Loss	250	69	-180
Dogfall	250	57	-114
Win	[240]	90	-150
Win	[190]	90	-117
Win	[160]	90	-135
Dogfall	250	81	-138
Win	[190]	90	-126
Win	[140]	90	-123
Win	[160]	90	-132
Win	[180]	90	-117
Win	[150]	90	-105
Win	[170]	90	-120
Win	[180]	90	-153
Dogfall	250	75	-111
Win	[140]	90	-102
Dogfall	250	87	-132
Win	[160]	90	-129
Win	[170]	90	-123
Win	[180]	90	-126
Loss	[200]	90	-180
Win	[230]	90	-123
Win	[160]	90	-123
Win	[240]	90	-159
Win	[210]	90	-171
Win	[150]	90	-105
Win	[200]	90	-132
Win	[240]	90	-114
Win	[220]	90	-123
Win	[170]	90	-138
Win	[160]	90	-114
Win	[210]	90	-129
Win	[160]	90	-111
Dogfall	250	87	-171
Win	[150]	90	-117
Win	[150]	90	-111
Win	[150]	90	-117
Win	250	90	-153
Dogfall	250	87	-153
Loss	[160]	90	-180
Win	[180]	90	-144
Win	[160]	90	-117
Loss	[240]	87	-180
Win	[170]	90	-132
Win	[230]	90	-150
Dogfall	250	57	-117
Win	[220]	90	-126
Win	[220]	90	-108
Win	[170]	90	-111
Win	[170]	90	-120
Win	[150]	90	-123
Win	[190]	90	-123
Win	[180]	90	-120
Win	[160]	90	-123
Win	[160]	90	-114
Win	[150]	90	-108
Loss	[200]	90	-180
Win	[150]	90	-99
Win	[200]	90	-117
Win	[190]	90	-126
Dogfall	250	69	-129
Win	[160]	90	-108
Win	[180]	90	-120
Dogfall	250	81	-177
Win	[190]	90	-132
Win	[160]	90	-108
Loss	[210]	75	-180
Win	[180]	90	-150
Win	[150]	90	-108
Win	[210]	90	-153
Win	[210]	90	-177
Dogfall	250	87	-153
Win	[190]	90	-135
Win	[160]	90	-123
Win	[170]	90	-129
Win	[140]	90	-111
Win	[160]	90	-99
Loss	[220]	81	-180
Win	[230]	90	-165
Win	[170]	90	-153
Win	[150]	90	-114
Dogfall	250	63	-114
Win	[210]	90	-144
Win	[190]	90	-123
Win	[160]	90	-111
Win	[170]	90	-111
Win	[180]	90	-144
Win	[160]	90	-123
Dogfall	250	81	-177
Dogfall	250	90	0
Win	[230]	90	-165
Win	[210]	90	-123
Dogfall	250	87	-138
Dogfall	250	90	0
Dogfall	250	30	-99
Win	[200]	90	-144
Win	[210]	90	-114
Loss	[170]	90	-180
Win	[240]	90	-111
Loss	[190]	90	-180
Win	[150]	90	-120
Win	[150]	90	-117
Loss	[220]	51	-180
Win	[210]	90	-123
Win	[240]	90	-138
Win	[140]	90	-105
Win	[160]	90	-123
Win	[160]	90	-105
Win	[160]	90	-105
Win	[230]	90	-159
Win	[160]	90	-111
Win	[240]	90	-123
Win	[140]	90	-114
Win	[190]	90	-129
Win	[180]	90	-114
Win	[150]	90	-108
Dogfall	250	81	-132
Win	[180]	90	-138
Win	[200]	90	-147
Win	[210]	90	-147
Loss	[210]	81	-180
Win	[160]	90	-123
Win	[170]	90	-135
Loss	[220]	69	-180
Win	[200]	90	-138
Win	[170]	90	-111
Win	[200]	90	-132
Win	[160]	90	-117
Win	[200]	90	-138
Win	[140]	90	-108
Win	[210]	90	-114
Win	[190]	90	-123
Win	[150]	90	-105
Win	[210]	90	-138
Win	[180]	90	-138
Loss	[190]	90	-180
Win	[180]	90	-147
Win	[160]	90	-135
Win	[140]	90	-117
Dogfall	250	69	-144
Win	[220]	90	-132
Win	[220]	90	-156
Win	[180]	90	-126
Win	[180]	90	-141
Win	[200]	90	-147
Win	[170]	90	-138
Win	250	90	-171
Win	[210]	90	-150
Win	[160]	90	-135
Win	[190]	90	-153
Win	[230]	90	-156
Win	[150]	90	-135
Loss	[180]	90	-180
Win	[170]	90	-129
Win	[240]	90	-165
Win	[240]	90	-165
Win	[160]	90	-129
Dogfall	250	69	-135
Win	[160]	90	-129
Win	[160]	90	-117
Loss	[210]	45	-180
Win	[210]	90	-144
Win	[180]	90	-126
Loss	[160]	90	-180
Win	[170]	90	-120
Dogfall	250	69	-177
Win	[230]	90	-120
Win	[200]	90	-153
Win	[160]	90	-117
Win	[160]	90	-111
Loss	250	81	-180
Win	[210]	90	-165
Win	[170]	90	-117
Win	[190]	90	-138
Loss	250	75	-180
Win	[160]	90	-129
Win	[220]	90	-144
Loss	[170]	90	-180
Win	[180]	90	-120
Win	[160]	90	-117
Win	[200]	90	-144
Win	[230]	90	-177
Win	[240]	90	-174
Win	[170]	90	-141
Win	[190]	90	-132
Dogfall	250	81	-177
