0.00 0.00 0.00 0.00 0.00 0.00 0.00 0.00 0.00 0.00 0.00 0.00 0.00 0.00
0.00 0.00 0.00 0.00 0.00 0.00 0.00 0.00 0.00 0.00 0.00 0.00 0.00 0.00
0.00 0.00 0.00 -1.00 -1.00 -1.00 -1.00 -1.00 -1.00 -1.00 0.00 0.00 0.00 0.00
0.00 0.00 0.00 -1.00 -5.00 -5.00 -5.00 -5.00 -5.00 -1.00 0.00 0.00 0.00 0.00
0.00 0.00 0.00 -1.00 -6.00 -16.00 -16.00 -16.00 -7.00 -3.00 -2.00 -1.00 0.00 0.00
0.00 0.00 25.00 24.00 -6.00 -20.00 -26.00 -24.00 -15.00 -11.00 -6.00 -1.00 0.00 0.00
0.00 0.00 0.00 -1.00 -7.00 -21.00 -34.00 -43.00 -34.00 -21.00 -7.00 -1.00 0.00 0.00
0.00 0.00 0.00 -1.00 -7.00 -16.00 -29.00 -40.00 -40.00 -25.00 -7.00 -1.00 0.00 0.00
0.00 0.00 0.00 -1.00 -3.00 -12.00 -34.00 -43.00 -43.00 -25.00 -7.00 -1.00 0.00 0.00
0.00 0.00 0.00 0.00 23.00 -11.00 -24.00 -26.00 -24.00 -15.00 -7.00 -1.00 0.00 0.00
0.00 0.00 0.00 25.00 -2.00 -7.00 -16.00 -16.00 -16.00 -7.00 -3.00 -1.00 0.00 0.00
0.00 0.00 0.00 0.00 -1.00 -5.00 -5.00 -5.00 -5.00 -5.00 -1.00 0.00 0.00 0.00
0.00 0.00 0.00 0.00 -1.00 -1.00 -1.00 -1.00 -1.00 -1.00 -1.00 0.00 0.00 0.00
0.00 0.00 0.00 0.00 0.00 0.00 0.00 0.00 0.00 0.00 0.00 0.00 0.00 0.00
0.00 0.00 0.00 0.00 0.00 0.00 0.00 0.00 0.00 0.00 0.00 0.00 0.00 0.00
