0.00 0.00 0.00 0.00 0.00 0.00 0.00 0.00 0.00 0.00 0.00 0.00
0.00 0.00 0.00 0.00 0.00 0.00 0.00 0.00 0.00 0.00 0.00 0.00
0.00 0.00 -1.00 -1.00 -1.00 -1.00 -1.00 -1.00 -1.00 0.00 0.00 0.00
0.00 0.00 -1.00 -5.00 -5.00 -5.00 -5.00 -5.00 -1.00 0.00 0.00 0.00
0.00 0.00 -1.00 -5.00 -14.00 -14.00 -14.00 -5.00 -1.00 0.00 0.00 0.00
0.00 0.00 -1.00 -5.00 11.00 -16.00 -14.00 -5.00 -1.00 0.00 0.00 0.00
0.00 0.00 -2.00 -7.00 -16.00 9.00 -16.00 -7.00 -3.00 -1.00 0.00 0.00
0.00 0.00 -2.00 -11.00 -15.00 -15.00 -15.00 -15.00 -7.00 -1.00 0.00 0.00
0.00 0.00 -2.00 -7.00 -20.00 -29.00 -29.00 -20.00 -7.00 -1.00 0.00 0.00
0.00 0.00 -1.00 -6.00 -19.00 -5.00 -30.00 -19.00 -6.00 -1.00 0.00 0.00
0.00 0.00 -1.00 -6.00 -19.00 -3.00 -28.00 -19.00 -6.00 -1.00 0.00 0.00
0.00 0.00 -1.00 -6.00 -10.00 -10.00 -10.00 -10.00 -6.00 -1.00 0.00 0.00
0.00 0.00 -1.00 -2.00 -2.00 -2.00 -2.00 -2.00 -2.00 -1.00 0.00 0.00
0.00 0.00 0.00 0.00 0.00 0.00 0.00 0.00 0.00 0.00 0.00 0.00
0.00 0.00 0.00 0.00 0.00 0.00 0.00 0.00 0.00 0.00 0.00 0.00
