Dogfall	250	87	-165
Win	[220]	90	-156
Loss	250	87	-180
Loss	250	81	-180
Loss	[240]	72	-180
Loss	[180]	90	-180
Loss	[230]	42	-180
Loss	[180]	90	-180
Dogfall	250	75	-177
Loss	[180]	90	-180
Loss	[210]	90	-180
Win	[220]	90	-159
Win	[240]	90	-144
Win	[190]	90	-123
Win	[150]	90	-99
Win	[190]	90	-132
Dogfall	250	57	-135
Loss	[230]	45	-180
Win	[160]	90	-117
Loss	[170]	90	-180
Win	250	90	-165
Win	[240]	90	-159
Win	[200]	90	-138
Win	[170]	90	-132
Win	[180]	90	-144
Win	[170]	90	-126
Win	[190]	90	-156
Win	[230]	90	-126
Win	[170]	90	-120
Win	[220]	90	-129
Win	[140]	90	-111
Win	[200]	90	-144
Win	[230]	90	-129
Win	250	90	-138
Win	[200]	90	-126
Win	[190]	90	-117
Win	[190]	90	-132
Win	[180]	90	-135
Loss	[220]	3	-180
Win	[190]	90	-120
Win	[150]	90	-111
Win	[180]	90	-138
Win	[140]	90	-117
Dogfall	250	81	-162
Loss	[220]	75	-180
Loss	[200]	90	-180
Loss	[240]	6	-180
Loss	[200]	90	-180
Dogfall	250	90	0
Dogfall	250	36	-171
Win	[170]	90	-120
Dogfall	250	12	-114
Dogfall	250	87	-144
Dogfall	250	90	0
Dogfall	250	90	0
Dogfall	250	90	0
Dogfall	250	90	0
Dogfall	250	90	0
Dogfall	250	90	0
Dogfall	250	-3	-177
Dogfall	250	90	0
Dogfall	250	90	0
Dogfall	250	90	0
Dogfall	250	90	0
Dogfall	250	63	-132
Win	[180]	90	-132
Dogfall	250	90	0
Win	[230]	90	-132
Win	[180]	90	-132
Win	[160]	90	-135
Win	[150]	90	-111
Win	[150]	90	-129
Win	[170]	90	-126
Loss	[200]	90	-180
Win	[150]	90	-117
Dogfall	250	87	-177
Loss	[200]	90	-180
Win	[150]	90	-114
Loss	[220]	75	-180
Win	[180]	90	-132
Win	[140]	90	-111
Win	[200]	90	-126
Loss	[220]	57	-180
Win	[160]	90	-120
Win	[190]	90	-138
Win	[170]	90	-120
Win	[240]	90	-135
Win	[180]	90	-144
Win	[230]	90	-162
Loss	[190]	90	-180
Win	[200]	90	-156
Win	[160]	90	-129
Win	[230]	90	-129
Loss	[200]	90	-180
