Loss	[220]	360	-360
Win	[230]	360	-339
Loss	[150]	360	-360
Loss	[150]	360	-360
Loss	[220]	360	-360
Loss	[160]	360	-360
Loss	[140]	360	-360
Loss	[180]	360	-360
Loss	[230]	360	-360
Loss	[150]	360	-360
Win	[190]	360	-345
Loss	[150]	360	-360
Loss	[150]	360	-360
Win	[190]	360	-336
Loss	[190]	360	-360
Loss	[180]	360	-360
Loss	[140]	360	-360
Loss	[160]	360	-360
Loss	[150]	360	-360
Loss	[140]	360	-360
Loss	[220]	360	-360
Loss	[170]	360	-360
Loss	[150]	360	-360
Loss	[120]	360	-360
Loss	[160]	360	-360
Loss	[240]	360	-360
Loss	[130]	360	-360
Loss	[180]	360	-360
Loss	[140]	360	-360
Loss	[170]	360	-360
Loss	[150]	360	-360
Loss	[160]	360	-360
Loss	[150]	360	-360
Loss	[160]	360	-360
Loss	[180]	360	-360
Loss	[180]	360	-360
Loss	[170]	360	-360
Loss	[260]	360	-360
Loss	[190]	360	-360
Loss	[230]	360	-360
Loss	[180]	360	-360
Loss	[190]	360	-360
Loss	[190]	360	-360
Loss	[140]	360	-360
Loss	[160]	360	-360
Loss	[150]	360	-360
Loss	[160]	360	-360
Loss	[160]	360	-360
Loss	[230]	360	-360
Loss	[180]	360	-360
Loss	[170]	360	-360
Loss	[190]	360	-360
Loss	[180]	360	-360
Loss	[150]	360	-360
Loss	[160]	360	-360
Loss	[170]	360	-360
Loss	[140]	360	-360
Loss	[150]	360	-360
Loss	[180]	360	-360
Loss	[180]	360	-360
Loss	[160]	360	-360
Loss	[170]	360	-360
Loss	[160]	360	-360
Loss	[170]	360	-360
Loss	[120]	360	-360
Loss	[120]	360	-360
Loss	[180]	360	-360
Loss	[180]	360	-360
Loss	[180]	360	-360
Loss	[150]	360	-360
Loss	[150]	360	-360
Loss	[150]	360	-360
Loss	[170]	360	-360
Loss	[120]	360	-360
Loss	[170]	360	-360
Loss	[160]	360	-360
Loss	[150]	360	-360
Loss	[140]	360	-360
Loss	[160]	360	-360
Loss	[170]	360	-360
Win	[190]	360	-333
Loss	[190]	360	-360
Loss	[160]	360	-360
Loss	[220]	360	-360
Loss	[170]	360	-360
Loss	[160]	360	-360
Loss	[170]	360	-360
Loss	[160]	360	-360
Loss	[170]	360	-360
Loss	[150]	360	-360
Loss	[140]	360	-360
Loss	[190]	360	-360
Loss	[150]	360	-360
Loss	[160]	360	-360
Loss	[160]	360	-360
Loss	[190]	360	-360
Loss	[160]	360	-360
Loss	[180]	360	-360
Loss	[140]	360	-360
Loss	[180]	360	-360
Loss	[160]	360	-360
Loss	[180]	360	-360
Loss	[150]	360	-360
Loss	[200]	360	-360
Loss	[250]	360	-360
Win	[250]	360	-348
Loss	[160]	360	-360
Win	[200]	360	-348
Loss	[120]	360	-360
Loss	[190]	360	-360
Loss	[150]	360	-360
Loss	[150]	360	-360
Loss	[140]	360	-360
Loss	[150]	360	-360
Loss	[150]	360	-360
Loss	[170]	360	-360
Loss	[130]	360	-360
Loss	[170]	360	-360
Win	[210]	360	-345
Loss	[120]	360	-360
Loss	[170]	360	-360
Loss	[150]	360	-360
Loss	[150]	360	-360
Loss	[160]	360	-360
Loss	[190]	360	-360
Loss	[160]	360	-360
Loss	[150]	360	-360
Loss	[130]	360	-360
Loss	[160]	360	-360
Loss	[180]	360	-360
Loss	[170]	360	-360
Loss	[180]	360	-360
Loss	[170]	360	-360
Loss	[160]	360	-360
Loss	[150]	360	-360
Loss	[190]	360	-360
Loss	[190]	360	-360
Loss	[210]	360	-360
Loss	[130]	360	-360
Loss	[140]	360	-360
Loss	[160]	360	-360
Win	[240]	360	-345
Loss	[210]	360	-360
Loss	[160]	360	-360
Loss	[150]	360	-360
Loss	[140]	360	-360
Loss	[140]	360	-360
Loss	[170]	360	-360
Loss	[160]	360	-360
Loss	[120]	360	-360
Loss	[150]	360	-360
Loss	[200]	360	-360
Loss	[140]	360	-360
Loss	[130]	360	-360
Loss	[160]	360	-360
Loss	[140]	360	-360
Loss	[120]	360	-360
Loss	[190]	360	-360
Loss	[170]	360	-360
Loss	[200]	360	-360
Loss	[120]	360	-360
Loss	[140]	360	-360
Loss	[150]	360	-360
Loss	[160]	360	-360
Loss	[170]	360	-360
Loss	[180]	360	-360
Loss	[160]	360	-360
Loss	[180]	360	-360
Loss	[160]	360	-360
Loss	[140]	360	-360
Loss	[150]	360	-360
Loss	[150]	360	-360
Loss	[140]	360	-360
Loss	[130]	360	-360
Win	[230]	360	-345
Loss	[130]	360	-360
Loss	[170]	360	-360
Loss	[170]	360	-360
Loss	[170]	360	-360
Loss	[180]	360	-360
Loss	[190]	360	-360
Win	[250]	360	-348
Loss	[170]	360	-360
Loss	[150]	360	-360
Loss	[160]	360	-360
Loss	[140]	360	-360
Loss	[160]	360	-360
Loss	[150]	360	-360
Loss	[140]	360	-360
Loss	[170]	360	-360
Loss	[140]	360	-360
Loss	[140]	360	-360
Loss	[170]	360	-360
Loss	[150]	360	-360
Loss	[190]	360	-360
Loss	[160]	360	-360
Win	[180]	360	-354
Loss	[160]	360	-360
Loss	[140]	360	-360
Loss	[160]	360	-360
Loss	[180]	360	-360
Loss	[150]	360	-360
Loss	[160]	360	-360
Loss	[180]	360	-360
Loss	[130]	360	-360
Loss	[170]	360	-360
Loss	[160]	360	-360
Loss	[140]	360	-360
Loss	[140]	360	-360
Loss	[150]	360	-360
Loss	[120]	360	-360
Loss	[150]	360	-360
Loss	[160]	360	-360
Loss	[120]	360	-360
Loss	[170]	360	-360
Loss	[180]	360	-360
Loss	[180]	360	-360
Loss	[160]	360	-360
Loss	[180]	360	-360
Loss	[190]	360	-360
Loss	[150]	360	-360
Loss	[180]	360	-360
Loss	[150]	360	-360
Loss	[180]	360	-360
Loss	[190]	360	-360
Win	[190]	360	-357
Loss	[140]	360	-360
Loss	[140]	360	-360
Loss	[160]	360	-360
Loss	[160]	360	-360
Loss	[170]	360	-360
Loss	[170]	360	-360
Loss	[170]	360	-360
Loss	[140]	360	-360
Loss	[160]	360	-360
Loss	[130]	360	-360
Loss	[180]	360	-360
Loss	[170]	360	-360
Win	[210]	360	-324
Loss	[150]	360	-360
Loss	[170]	360	-360
Loss	[180]	360	-360
Loss	[140]	360	-360
Loss	[140]	360	-360
Loss	[130]	360	-360
Win	[180]	360	-348
Win	[200]	360	-309
Loss	[120]	360	-360
Loss	[160]	360	-360
Win	[180]	360	-351
Loss	[150]	360	-360
Loss	[170]	360	-360
Loss	[140]	360	-360
Loss	[190]	360	-360
Win	[200]	360	-336
Loss	[160]	360	-360
Loss	[170]	360	-360
Loss	[170]	360	-360
Loss	[200]	360	-360
Loss	[190]	360	-360
Loss	[150]	360	-360
Loss	[200]	360	-360
Loss	[190]	360	-360
Loss	[120]	360	-360
Win	[170]	360	-354
Loss	[180]	360	-360
Loss	[150]	360	-360
Loss	[170]	360	-360
Loss	[160]	360	-360
Loss	[170]	360	-360
Loss	[190]	360	-360
Loss	[150]	360	-360
Loss	[160]	360	-360
Win	[190]	360	-339
Loss	[140]	360	-360
Loss	[180]	360	-360
Loss	[110]	360	-360
Win	[200]	360	-333
Loss	[160]	360	-360
Loss	[160]	360	-360
Loss	[140]	360	-360
Loss	[190]	360	-360
Loss	[140]	360	-360
Win	[190]	360	-354
Loss	[160]	360	-360
Loss	[200]	360	-360
Loss	[170]	360	-360
Loss	[160]	360	-360
Loss	[160]	360	-360
Loss	[130]	360	-360
Loss	[150]	360	-360
Loss	[130]	360	-360
Loss	[170]	360	-360
Loss	[160]	360	-360
Loss	[130]	360	-360
Loss	[220]	360	-360
Loss	[190]	360	-360
Loss	[150]	360	-360
Loss	[150]	360	-360
Loss	[160]	360	-360
Loss	[150]	360	-360
Loss	[150]	360	-360
Loss	[130]	360	-360
Loss	[140]	360	-360
Win	[190]	360	-339
Loss	[180]	360	-360
Loss	[140]	360	-360
Loss	[170]	360	-360
Loss	[160]	360	-360
Loss	[160]	360	-360
Loss	[130]	360	-360
Loss	[150]	360	-360
Win	[200]	360	-315
Loss	[170]	360	-360
Loss	[130]	360	-360
Loss	[150]	360	-360
Loss	[170]	360	-360
Loss	[150]	360	-360
Loss	[150]	360	-360
Loss	[150]	360	-360
Loss	[120]	360	-360
Loss	[130]	360	-360
Loss	[180]	360	-360
Loss	[140]	360	-360
Loss	[140]	360	-360
Loss	[220]	360	-360
Win	[210]	360	-333
Loss	[190]	360	-360
Loss	[190]	360	-360
Loss	[170]	360	-360
Loss	[160]	360	-360
Loss	[120]	360	-360
Loss	[160]	360	-360
Loss	[140]	360	-360
Loss	[190]	360	-360
Loss	[180]	360	-360
Loss	[130]	360	-360
Loss	[130]	360	-360
Loss	[140]	360	-360
Loss	[190]	360	-360
Loss	[230]	360	-360
Win	[200]	360	-333
Loss	[210]	360	-360
Loss	[220]	360	-360
Loss	[190]	360	-360
Win	[190]	360	-306
Loss	[150]	360	-360
Loss	[170]	360	-360
Loss	[180]	360	-360
Loss	[150]	360	-360
Win	[220]	360	-354
Loss	[150]	360	-360
Loss	[180]	360	-360
Loss	[150]	360	-360
Loss	[140]	360	-360
Win	[170]	360	-354
Loss	[160]	360	-360
Loss	[150]	360	-360
Loss	[160]	360	-360
Loss	[170]	360	-360
Loss	[170]	360	-360
Loss	[150]	360	-360
Loss	[120]	360	-360
Loss	[150]	360	-360
Loss	[160]	360	-360
Loss	[180]	360	-360
Loss	[150]	360	-360
Loss	[180]	360	-360
Loss	[150]	360	-360
Loss	[150]	360	-360
Loss	[170]	360	-360
Loss	[150]	360	-360
Loss	[140]	360	-360
Loss	[150]	360	-360
Loss	[140]	360	-360
Loss	[150]	360	-360
Loss	[150]	360	-360
Loss	[120]	360	-360
Loss	[150]	360	-360
Loss	[150]	360	-360
Loss	[140]	360	-360
Loss	[130]	360	-360
Loss	[140]	360	-360
Loss	[150]	360	-360
Loss	[130]	360	-360
Win	[190]	360	-354
Loss	[150]	360	-360
Loss	[150]	360	-360
Loss	[160]	360	-360
Loss	[170]	360	-360
Win	[200]	360	-336
Loss	[140]	360	-360
Loss	[170]	360	-360
Loss	[130]	360	-360
Loss	[180]	360	-360
Loss	[150]	360	-360
Loss	[180]	360	-360
Loss	[180]	360	-360
Loss	[190]	360	-360
Loss	[130]	360	-360
Loss	[180]	360	-360
Loss	[180]	360	-360
Loss	[170]	360	-360
Loss	[120]	360	-360
Loss	[140]	360	-360
Loss	[190]	360	-360
Loss	[230]	360	-360
Loss	[150]	360	-360
Loss	[170]	360	-360
Loss	[200]	360	-360
Loss	[150]	360	-360
Loss	[140]	360	-360
Loss	[140]	360	-360
Loss	[160]	360	-360
Loss	[170]	360	-360
Loss	[180]	360	-360
Loss	[150]	360	-360
Loss	[120]	360	-360
Loss	[150]	360	-360
Loss	[160]	360	-360
Loss	[120]	360	-360
Loss	[200]	360	-360
Win	[220]	360	-333
Loss	[170]	360	-360
Loss	[150]	360	-360
Win	[180]	360	-351
Loss	[150]	360	-360
Loss	[190]	360	-360
Loss	[150]	360	-360
Loss	[180]	360	-360
Loss	[140]	360	-360
Loss	[200]	360	-360
Loss	[190]	360	-360
Loss	[120]	360	-360
Loss	[160]	360	-360
Win	[210]	360	-336
Loss	[170]	360	-360
Loss	[120]	360	-360
Loss	[170]	360	-360
Loss	[160]	360	-360
Loss	[170]	360	-360
Loss	[160]	360	-360
Win	[180]	360	-354
Loss	[120]	360	-360
Loss	[220]	360	-360
Loss	[190]	360	-360
Loss	[150]	360	-360
Loss	[170]	360	-360
Loss	[140]	360	-360
Loss	[180]	360	-360
Loss	[160]	360	-360
Loss	[120]	360	-360
Loss	[160]	360	-360
Loss	[140]	360	-360
Loss	[190]	360	-360
Loss	[180]	360	-360
Loss	[170]	360	-360
Loss	[140]	360	-360
Loss	[180]	360	-360
Loss	[160]	360	-360
Loss	[180]	360	-360
Loss	[140]	360	-360
Loss	[130]	360	-360
Win	[180]	360	-354
Win	[170]	360	-354
Loss	[140]	360	-360
Loss	[190]	360	-360
Loss	[180]	360	-360
Loss	[160]	360	-360
Loss	[230]	360	-360
Win	[230]	360	-345
Loss	[160]	360	-360
Loss	[160]	360	-360
Loss	[220]	360	-360
Loss	[220]	360	-360
Loss	[170]	360	-360
Loss	[230]	360	-360
Loss	[170]	360	-360
Loss	[140]	360	-360
Loss	[180]	360	-360
Loss	[160]	360	-360
Loss	[180]	360	-360
Loss	[140]	360	-360
Win	[190]	360	-345
Loss	[160]	360	-360
Loss	[180]	360	-360
Loss	[180]	360	-360
Loss	[170]	360	-360
Loss	[150]	360	-360
Loss	[160]	360	-360
Loss	[170]	360	-360
Win	[180]	360	-354
Loss	[140]	360	-360
Loss	[190]	360	-360
Loss	[220]	360	-360
Loss	[180]	360	-360
Loss	[180]	360	-360
Loss	[160]	360	-360
Loss	[160]	360	-360
