Loss	[200]	57	-180
Win	[220]	90	-162
Loss	[200]	90	-180
Loss	[210]	75	-180
Loss	[180]	90	-180
Loss	[200]	90	-180
Loss	[210]	60	-180
Dogfall	250	75	-165
Loss	[150]	90	-180
Win	[240]	90	-162
Win	[200]	90	-144
Dogfall	250	81	-171
Win	[230]	90	-174
Win	[210]	90	-150
Win	[180]	90	-132
Win	[200]	90	-162
Win	[220]	90	-162
Loss	[190]	90	-180
Win	[170]	90	-132
Win	[210]	90	-141
Loss	[200]	90	-180
Loss	[200]	90	-180
Loss	[180]	90	-180
Win	[160]	90	-141
Win	[190]	90	-135
Loss	[220]	48	-180
Loss	[190]	90	-180
Loss	[220]	87	-180
Dogfall	250	69	-177
Win	[180]	90	-150
Win	[180]	90	-138
Win	[160]	90	-129
Win	[170]	90	-111
Win	[170]	90	-123
Win	[220]	90	-162
Win	[170]	90	-108
Win	[150]	90	-105
Dogfall	250	81	-141
Loss	[230]	51	-180
Loss	[190]	90	-180
Win	[170]	90	-135
Win	[190]	90	-114
Win	[140]	90	-99
Loss	[240]	54	-180
Dogfall	250	66	-147
Win	[220]	90	-159
Loss	[190]	90	-180
Win	[180]	90	-123
Win	[200]	90	-138
Win	[170]	90	-123
Win	[210]	90	-144
Win	[150]	90	-102
Win	[190]	90	-144
Win	[150]	90	-108
Loss	[230]	87	-180
Win	[180]	90	-165
Win	[160]	90	-111
Win	[140]	90	-126
Win	[210]	90	-126
Win	[170]	90	-126
Win	[160]	90	-114
Win	[230]	90	-159
Win	[150]	90	-123
Win	[170]	90	-132
Win	[170]	90	-114
Win	[150]	90	-111
Win	[170]	90	-129
Loss	[170]	90	-180
Win	[180]	90	-138
Win	[150]	90	-108
Win	[180]	90	-138
Win	[160]	90	-117
Loss	[220]	18	-180
Win	[200]	90	-159
Win	[170]	90	-129
Win	[140]	90	-99
Win	[190]	90	-132
Dogfall	250	81	-144
Dogfall	250	63	-141
Win	[170]	90	-126
Win	[180]	90	-129
Loss	[190]	90	-180
Win	[200]	90	-135
Loss	[200]	90	-180
Win	[170]	90	-114
Win	[210]	90	-132
Loss	250	63	-180
Win	[180]	90	-126
Win	[160]	90	-129
Loss	[170]	90	-180
Win	[200]	90	-150
Dogfall	250	69	-177
Loss	[220]	36	-180
Win	[180]	90	-114
Loss	[200]	90	-180
Dogfall	250	63	-132
Win	[190]	90	-129
Win	[240]	90	-132
Win	[200]	90	-120
Win	[190]	90	-135
Win	[180]	90	-117
Win	[200]	90	-144
Win	[180]	90	-138
Win	[220]	90	-144
Win	[240]	90	-120
Dogfall	250	87	-168
Win	[230]	90	-165
Loss	250	69	-180
Dogfall	250	75	-168
Dogfall	250	90	0
Dogfall	250	81	-177
Dogfall	250	63	-60
Dogfall	250	63	-123
Dogfall	250	81	-144
Dogfall	250	0	-96
Win	[140]	90	-114
Win	[170]	90	-150
Win	[210]	90	-150
Dogfall	250	24	-177
Win	[190]	90	-144
Win	[150]	90	-120
Win	[160]	90	-117
Win	[180]	90	-117
Win	[190]	90	-144
Win	[180]	90	-114
Loss	[210]	90	-180
Loss	[200]	90	-180
Win	[170]	90	-135
Win	[160]	90	-108
Win	[200]	90	-132
Win	[210]	90	-126
Dogfall	250	75	-135
Loss	[200]	90	-180
Win	[200]	90	-123
Win	[210]	90	-120
Loss	[200]	90	-180
Win	[150]	90	-144
Win	[140]	90	-99
Win	[190]	90	-123
Win	[240]	90	-147
Win	250	90	-165
Dogfall	250	75	-177
Win	[140]	90	-114
Win	[200]	90	-117
Win	[160]	90	-117
Win	[190]	90	-129
Win	[220]	90	-159
Win	[160]	90	-105
Win	[140]	90	-114
Win	[210]	90	-150
Win	[140]	90	-114
Win	[160]	90	-114
Loss	[210]	90	-180
Loss	[200]	90	-180
Loss	[200]	90	-180
Win	[160]	90	-114
Win	[200]	90	-144
Win	[200]	90	-156
Win	[190]	90	-138
Win	[190]	90	-126
Win	[170]	90	-117
Win	[160]	90	-111
Win	[200]	90	-144
Win	[180]	90	-117
Win	[150]	90	-117
Win	[150]	90	-102
Win	[220]	90	-159
Win	[150]	90	-105
Win	250	90	-156
Win	[160]	90	-111
Win	[170]	90	-129
Win	[230]	90	-126
Win	[180]	90	-132
Win	[190]	90	-126
Win	[220]	90	-150
Dogfall	250	75	-177
Win	[160]	90	-114
Loss	[240]	69	-180
Dogfall	250	69	-171
Win	[130]	90	-108
Win	[230]	90	-162
Loss	[240]	84	-180
Win	[150]	90	-123
Win	[160]	90	-108
Win	[230]	90	-177
Win	[190]	90	-117
Win	[200]	90	-150
Win	[180]	90	-156
Win	[180]	90	-129
Win	[190]	90	-135
Win	[160]	90	-129
Win	[130]	90	-114
Win	[140]	90	-102
Win	[170]	90	-135
Win	[160]	90	-147
Win	[170]	90	-129
Win	[190]	90	-150
Win	[190]	90	-144
Win	[210]	90	-117
Loss	[200]	90	-180
Win	[160]	90	-138
Win	[170]	90	-117
Loss	[230]	54	-180
Win	[150]	90	-105
Win	[200]	90	-150
Win	[160]	90	-111
Win	[170]	90	-129
Win	[150]	90	-111
Win	[140]	90	-102
Win	[160]	90	-111
Win	[170]	90	-123
Win	[160]	90	-114
Win	[160]	90	-111
Win	[150]	90	-108
Win	[170]	90	-141
Win	[180]	90	-120
Win	[190]	90	-138
Win	[170]	90	-120
Win	[160]	90	-117
Win	[190]	90	-132
Win	[150]	90	-114
Win	[150]	90	-120
Win	[150]	90	-117
Win	[170]	90	-126
Win	[210]	90	-147
Win	[140]	90	-117
Win	[200]	90	-144
Dogfall	250	87	-165
Win	[150]	90	-114
Win	[150]	90	-117
Win	[190]	90	-129
Win	[230]	90	-153
Win	[160]	90	-135
Win	[170]	90	-141
Win	[160]	90	-129
Win	[140]	90	-114
Dogfall	250	87	-177
Win	[150]	90	-129
Win	[140]	90	-117
Win	[170]	90	-126
Win	[170]	90	-126
Win	[150]	90	-99
Win	[220]	90	-159
Win	[210]	90	-147
Win	[170]	90	-135
Win	[190]	90	-144
Win	[190]	90	-135
Win	[180]	90	-126
Win	[240]	90	-153
Win	[150]	90	-117
Loss	[230]	81	-180
Win	[140]	90	-102
Win	[180]	90	-123
Win	[170]	90	-126
Win	[180]	90	-120
Win	[150]	90	-111
Win	[150]	90	-117
Win	[150]	90	-123
Win	[160]	90	-105
Win	[170]	90	-114
Win	[150]	90	-105
Win	[160]	90	-123
Win	[170]	90	-132
Win	[180]	90	-126
Win	[200]	90	-144
Win	[140]	90	-108
Win	[140]	90	-111
Win	[180]	90	-126
Win	[150]	90	-105
Loss	[170]	90	-180
Win	[210]	90	-135
Win	[170]	90	-129
Win	[170]	90	-132
Loss	[230]	30	-180
Win	[160]	90	-117
Dogfall	250	-90	0
Loss	[200]	87	-180
Win	[160]	90	-123
Win	[190]	90	-126
Win	[160]	90	-123
Loss	[230]	3	-180
Win	[170]	90	-114
Win	[140]	90	-105
Loss	[230]	63	-180
Win	[180]	90	-138
Win	[210]	90	-144
Win	[170]	90	-132
Win	[160]	90	-129
Win	[160]	90	-132
Win	[150]	90	-123
Win	[160]	90	-129
Win	[200]	90	-147
Win	[200]	90	-123
Win	[150]	90	-123
Win	[180]	90	-129
Win	[200]	90	-156
Win	[190]	90	-129
Win	[150]	90	-117
Win	[140]	90	-114
Win	[140]	90	-114
Win	[150]	90	-114
Win	[200]	90	-147
Win	[150]	90	-114
Win	[170]	90	-111
Loss	[240]	81	-180
Win	[220]	90	-156
Loss	[230]	75	-180
Win	[160]	90	-123
Win	[200]	90	-153
Win	[150]	90	-120
Win	[170]	90	-135
Win	[210]	90	-138
Win	[140]	90	-120
Win	[190]	90	-138
Win	[160]	90	-129
Win	[140]	90	-120
Win	[160]	90	-117
Win	[180]	90	-150
Win	[200]	90	-147
Win	[150]	90	-123
Win	[150]	90	-117
Win	[210]	90	-153
Win	[160]	90	-126
Win	[170]	90	-132
Win	[130]	90	-108
Win	[160]	90	-111
Win	[140]	90	-117
Win	[160]	90	-111
Win	[160]	90	-123
Win	[130]	90	-117
Win	[150]	90	-105
Win	[160]	90	-108
Win	[170]	90	-141
Win	[160]	90	-129
Win	[200]	90	-138
Win	[170]	90	-141
Win	[170]	90	-144
Win	[130]	90	-102
Win	[160]	90	-123
Win	[160]	90	-126
Dogfall	250	90	0
Dogfall	250	90	0
Dogfall	250	42	-123
Dogfall	250	90	0
Win	[160]	90	-126
Win	[130]	90	-114
Win	[170]	90	-126
Win	[130]	90	-108
Win	[130]	90	-108
Dogfall	250	-54	-57
Dogfall	250	90	0
Win	[230]	90	-138
Dogfall	250	90	0
Win	[140]	90	-117
Dogfall	250	90	0
Dogfall	250	87	-156
Dogfall	250	90	0
Win	[160]	90	-114
Win	[140]	90	-114
Win	[150]	90	-111
Win	[220]	90	-144
Dogfall	250	90	0
Loss	250	24	-180
Dogfall	250	90	0
Dogfall	250	6	-132
Dogfall	250	90	0
Loss	[210]	-15	-180
Dogfall	250	90	0
Win	[180]	90	-126
Dogfall	250	90	0
Dogfall	250	87	-159
Dogfall	250	90	0
Dogfall	250	90	0
Win	[200]	90	-153
Dogfall	250	87	-144
Dogfall	250	90	0
Dogfall	250	90	0
Dogfall	250	90	0
Win	[230]	90	-156
Win	[160]	90	-114
Dogfall	250	90	0
Win	[190]	90	-135
Win	[230]	90	-153
Dogfall	250	90	0
Dogfall	250	90	0
Loss	[220]	12	-180
Win	[190]	90	-126
Loss	[230]	21	-180
Dogfall	250	90	0
Win	[180]	90	-111
Dogfall	250	90	0
Dogfall	250	90	0
Dogfall	250	90	0
Dogfall	250	90	0
Dogfall	250	69	-153
Dogfall	250	90	0
Win	[220]	90	-141
Loss	[210]	51	-180
Dogfall	250	90	0
Dogfall	250	87	-156
Dogfall	250	81	-171
Win	[210]	90	-138
Win	[180]	90	-129
Win	[160]	90	-108
Win	[210]	90	-138
Win	[210]	90	-138
Win	[170]	90	-123
Win	[220]	90	-156
Loss	[220]	81	-180
Win	[170]	90	-144
Loss	[190]	90	-180
Loss	250	57	-180
Loss	[240]	54	-180
Loss	[220]	-9	-180
Loss	250	75	-180
Win	250	90	-153
Win	[150]	90	-105
Dogfall	250	18	-63
Win	[150]	90	-138
Win	[150]	90	-117
Win	[190]	90	-126
Win	[160]	90	-129
Win	[160]	90	-141
Win	[240]	90	-150
Loss	[210]	90	-180
Dogfall	250	75	-114
Dogfall	250	87	-150
Win	[190]	90	-132
Dogfall	250	69	-162
Dogfall	250	90	-78
Dogfall	250	90	-87
Dogfall	250	45	-117
Win	[180]	90	-132
Win	[140]	90	-105
Win	[140]	90	-114
Dogfall	250	0	-75
Loss	[210]	45	-180
Win	[150]	90	-111
Win	[150]	90	-105
Win	[130]	90	-114
Win	[160]	90	-111
Dogfall	250	24	-177
Loss	[220]	84	-180
Win	250	90	-165
Win	[190]	90	-117
Win	[240]	90	-159
Win	[150]	90	-105
Win	[190]	90	-135
Win	[140]	90	-105
Win	[210]	90	-126
Dogfall	250	90	0
Dogfall	250	90	0
Dogfall	250	90	0
Win	[210]	90	-114
Win	[220]	90	-138
Win	[150]	90	-105
Win	[170]	90	-117
Win	[170]	90	-135
Dogfall	250	90	0
Dogfall	250	90	0
Dogfall	250	90	0
Loss	[210]	90	-180
Dogfall	250	81	-138
Dogfall	250	90	0
Loss	[220]	48	-180
Dogfall	250	90	0
Dogfall	250	90	0
Dogfall	250	90	0
Dogfall	250	90	0
Dogfall	250	90	0
Dogfall	250	90	0
Dogfall	250	90	0
Dogfall	250	90	0
Dogfall	250	90	0
Dogfall	250	90	0
Win	[210]	90	-138
Loss	[200]	90	-180
Dogfall	250	90	0
Dogfall	250	90	0
Dogfall	250	90	0
Win	[160]	90	-102
Win	[200]	90	-150
Dogfall	250	90	0
Dogfall	250	90	0
Dogfall	250	90	0
Win	[230]	90	-153
Dogfall	250	90	0
Dogfall	250	-54	-90
Loss	[210]	69	-180
Loss	[240]	18	-180
Dogfall	250	90	0
Win	[200]	90	-150
Win	[200]	90	-120
Win	250	90	-126
Dogfall	250	69	-156
Dogfall	250	90	0
Win	[230]	90	-135
Win	[170]	90	-117
Dogfall	250	45	-114
Dogfall	250	90	0
