Win	[180]	150	100
Win	[192]	150	100
Win	[228]	100	100
Win	[204]	150	100
Win	[192]	200	100
Win	[168]	200	100
Win	[192]	200	100
Win	[228]	150	100
Win	[156]	200	100
Win	[180]	200	100
Dogfall	240	150	75
Win	[168]	200	100
Win	[180]	200	100
Win	[216]	150	100
Win	[192]	150	100
Win	[192]	150	100
Win	[180]	150	100
Win	[180]	150	100
Win	[156]	200	100
Win	[204]	150	100
Win	[156]	200	100
Win	[216]	150	100
Win	[180]	200	100
Win	[228]	150	100
Win	[168]	200	100
Win	[180]	150	100
Win	[156]	200	100
Win	[192]	200	100
Win	[168]	200	100
Win	[156]	200	100
Win	[192]	200	100
Win	[168]	200	100
Win	[144]	200	100
Win	[168]	200	100
Dogfall	240	150	75
Win	[168]	200	100
Win	[204]	200	100
Win	[228]	100	100
Win	[192]	150	100
Win	[216]	150	100
Win	[204]	100	100
Win	[180]	150	100
Win	[228]	100	100
Win	[168]	200	100
Win	[228]	50	100
Win	[204]	150	100
Win	240	150	100
Win	[204]	200	100
Win	[180]	200	100
Win	[204]	200	100
Win	[192]	200	100
Win	[204]	200	100
Win	[204]	200	100
Win	[156]	150	100
Win	[168]	200	100
Win	[204]	200	100
Win	[180]	200	100
Dogfall	240	100	50
Win	[180]	200	100
Win	[216]	200	100
Win	[180]	200	100
Win	[180]	200	100
Win	[168]	200	100
Win	[192]	200	100
Win	[168]	150	100
Win	[204]	200	100
Win	[156]	200	100
Win	[228]	150	100
Win	[204]	200	100
Win	[192]	200	100
Win	[168]	200	100
Win	[168]	200	100
Win	[204]	200	100
Win	[204]	200	100
Win	[192]	200	100
Win	[156]	200	100
Win	[192]	200	100
Win	[192]	150	100
Win	[180]	150	100
Win	[192]	100	100
Win	[180]	150	100
Win	[180]	200	100
Win	[228]	100	100
Win	[204]	100	100
Win	[192]	150	100
Win	[168]	200	100
Win	[168]	200	100
Win	[180]	200	100
Win	[216]	200	100
Win	[156]	200	100
Win	[156]	200	100
Win	[204]	150	100
Win	[168]	200	100
Win	[144]	200	100
Win	[156]	200	100
Win	[132]	200	100
Win	[192]	150	100
Win	[168]	200	100
Win	[192]	200	100
Win	[204]	150	100
Win	[168]	200	100
Win	[180]	200	100
Win	[144]	200	100
Win	[216]	150	100
Win	[168]	200	100
Win	[144]	200	100
Win	[192]	150	100
Win	[168]	200	100
Win	[144]	200	100
Win	[168]	150	100
Win	[168]	200	100
Win	[168]	200	100
Win	[168]	200	100
Win	[192]	150	100
Win	[156]	200	100
Win	[180]	150	100
Win	[144]	200	100
Win	[204]	100	100
Win	[168]	200	100
Win	[204]	150	100
Win	[204]	150	100
Win	[192]	150	100
Win	[168]	200	100
Win	[216]	150	100
Win	[192]	150	100
Win	[192]	150	100
Win	[192]	150	100
Win	[216]	100	100
Win	[216]	150	100
Win	[216]	200	100
Win	[156]	200	100
Win	[204]	200	100
Win	[228]	150	100
Win	[168]	200	100
Win	[180]	200	100
Win	[180]	200	100
Win	[192]	200	100
Win	[168]	200	100
Win	[168]	200	100
Win	[156]	200	100
Win	[192]	200	100
Win	240	150	100
Win	[192]	200	100
Win	[180]	150	100
Win	[192]	150	100
Win	[216]	150	100
Win	[192]	200	100
Win	[216]	150	100
Win	[192]	150	100
Win	[216]	200	100
Win	[168]	200	100
Win	[180]	200	100
Win	[192]	200	100
Win	[180]	150	100
Win	[192]	200	100
Win	[156]	200	100
Win	[180]	200	100
Win	[168]	200	100
Win	[192]	200	100
Win	[192]	150	100
Win	[204]	200	100
Win	[168]	200	100
Win	[156]	200	100
Win	[192]	200	100
Win	[180]	200	100
Win	[216]	150	100
Win	[216]	150	100
Win	[192]	150	100
Win	[180]	150	100
Win	[180]	200	100
Win	[180]	150	100
Win	[192]	100	100
Win	[216]	150	100
Win	[216]	150	100
Win	[168]	200	100
Win	[192]	150	100
Win	[204]	150	100
Win	[216]	200	100
Win	[204]	150	100
Win	[180]	200	100
Win	[156]	200	100
Win	[228]	200	100
Win	[192]	200	100
Win	[168]	200	100
Win	[168]	200	100
Win	[180]	200	100
Win	[192]	200	100
Win	[192]	150	100
Win	[180]	150	100
Win	[156]	200	100
Win	[192]	200	100
Win	[228]	150	100
Win	[204]	200	100
Win	[168]	200	100
Win	[168]	200	100
Win	[180]	200	100
Win	[168]	200	100
Win	[192]	200	100
Win	[204]	200	100
Win	[180]	200	100
Win	[204]	200	100
Win	[204]	200	100
Win	[168]	200	100
Win	[192]	200	100
Win	[180]	200	100
Win	[204]	200	100
Win	[156]	200	100
Win	[192]	150	100
Win	[192]	150	100
Win	[204]	150	100
Win	[168]	200	100
Win	[204]	150	100
Win	[180]	200	100
Win	[180]	150	100
Win	[204]	150	100
Win	[204]	150	100
Win	[204]	150	100
Win	[204]	150	100
Win	[192]	200	100
Win	[156]	200	100
Win	[192]	150	100
Win	[180]	200	100
Win	[216]	150	100
Win	[156]	200	100
Win	[168]	150	100
Win	[192]	150	100
Win	[204]	150	100
Win	[192]	150	100
Win	[204]	150	100
Win	[156]	200	100
Win	[216]	150	100
Win	[192]	150	100
Win	[180]	150	100
Win	[180]	150	100
Win	[156]	200	100
Win	[192]	150	100
Win	[180]	150	100
Win	[192]	150	100
Win	[180]	200	100
Win	[180]	200	100
Win	[192]	200	100
Win	[216]	200	100
Win	[168]	200	100
Dogfall	240	100	75
Win	[192]	150	100
Win	[216]	100	100
Win	[192]	150	100
Win	[156]	200	100
Win	[192]	200	100
Win	[192]	150	100
Win	[180]	150	100
Win	[180]	200	100
Win	[204]	150	100
Win	[180]	200	100
Win	[192]	100	100
Win	[216]	150	100
Dogfall	240	50	50
Win	[168]	150	100
Win	[192]	150	100
Win	[168]	150	100
Win	[192]	150	100
Win	[192]	150	100
Win	[168]	200	100
Win	[180]	200	100
Win	[192]	200	100
Win	[204]	150	100
Win	[180]	200	100
Win	[180]	200	100
Win	[192]	200	100
Win	[156]	200	100
Win	[228]	150	100
Win	[156]	200	100
Win	[216]	150	100
Win	[204]	150	100
Win	[216]	150	100
Win	[216]	100	100
Win	[192]	150	100
Win	[192]	150	100
Win	[180]	200	100
Win	[168]	200	100
Win	[156]	200	100
Win	[204]	200	100
Win	[168]	200	100
Win	[192]	150	100
Win	[180]	150	100
Win	[168]	200	100
Win	[168]	200	100
Win	[156]	200	100
Win	[168]	200	100
Win	[180]	150	100
Win	[192]	200	100
Win	[204]	150	100
Win	[168]	200	100
Win	[216]	150	100
Win	[204]	100	100
Win	[204]	200	100
Win	[180]	200	100
Win	[168]	200	100
Win	[180]	150	100
Win	[216]	200	100
Win	[192]	150	100
Win	[180]	200	100
Win	[156]	200	100
Win	[168]	150	100
Win	[180]	150	100
Win	[180]	200	100
Win	[168]	200	100
Win	240	100	100
Win	[192]	200	100
Win	[180]	200	100
Win	[228]	100	100
Win	[204]	200	100
Win	[156]	200	100
Win	[192]	200	100
Win	[168]	200	100
Win	[216]	200	100
Win	[216]	200	100
Win	[192]	200	100
Win	[168]	200	100
Win	[180]	200	100
Win	[180]	200	100
Win	[180]	200	100
Win	[192]	200	100
Win	[180]	200	100
Win	[180]	200	100
Win	[192]	150	100
Win	[228]	150	100
Win	[168]	200	100
Win	[204]	150	100
Win	[180]	150	100
Win	[228]	150	100
Win	[204]	100	100
Win	[192]	200	100
Win	[204]	150	100
Win	[192]	150	100
Win	[204]	150	100
Win	[168]	200	100
Win	[192]	200	100
Win	[204]	200	100
Win	[180]	200	100
Win	[180]	200	100
Win	[192]	200	100
Win	[192]	200	100
Win	[192]	200	100
Win	[168]	200	100
Win	[192]	200	100
Win	[156]	200	100
Win	[180]	200	100
Win	[168]	200	100
Win	[192]	200	100
Win	[204]	150	100
Win	[192]	150	100
Win	[168]	200	100
Win	[228]	150	100
Win	[168]	200	100
Win	[216]	100	100
Win	[228]	150	100
Win	[192]	150	100
Win	[216]	150	100
Win	[180]	150	100
Win	[204]	150	100
Win	[204]	150	100
Win	[204]	150	100
Win	[216]	150	100
Win	[192]	150	100
Win	[204]	150	100
Win	[192]	150	100
Win	[156]	200	100
Win	[204]	200	100
Win	[216]	150	100
Win	[204]	150	100
Win	[180]	200	100
Win	[180]	200	100
Win	[168]	200	100
Win	[192]	200	100
Win	[156]	200	100
Dogfall	240	150	75
Win	[180]	200	100
Win	[192]	150	100
Win	[192]	150	100
Win	[180]	150	100
Win	[180]	200	100
Win	240	100	100
Win	[216]	100	100
Win	[216]	150	100
Win	[168]	200	100
Win	[156]	200	100
Win	240	150	100
Win	[180]	200	100
Win	[192]	150	100
Win	[180]	200	100
Win	[204]	150	100
Win	[168]	200	100
Win	[156]	200	100
Win	[180]	200	100
Win	[168]	200	100
Win	[168]	200	100
Win	[204]	150	100
Win	[192]	200	100
Win	[168]	200	100
Win	[180]	200	100
Win	[192]	150	100
Win	[204]	200	100
Win	[192]	200	100
Win	[180]	200	100
Win	[156]	200	100
Win	[156]	200	100
Win	[180]	200	100
Win	[180]	200	100
Win	[168]	150	100
Win	[204]	150	100
Win	[156]	200	100
Win	[156]	200	100
Win	[192]	200	100
Win	[156]	200	100
Win	[216]	150	100
Win	[192]	200	100
Win	[180]	150	100
Win	[168]	200	100
Win	[180]	150	100
Win	[144]	200	100
Win	[168]	200	100
Win	[168]	150	100
Win	[216]	150	100
Win	[216]	150	100
Win	[180]	150	100
Win	[192]	200	100
Win	[192]	200	100
Win	[192]	150	100
Win	[180]	200	100
Win	[168]	150	100
Win	[204]	150	100
Win	[204]	150	100
Win	[180]	150	100
Win	[156]	200	100
Win	[180]	150	100
Win	[192]	200	100
Win	[192]	200	100
Win	[204]	150	100
Win	[168]	200	100
Win	[192]	200	100
Win	[204]	200	100
Win	[192]	200	100
Win	[168]	150	100
Win	[156]	200	100
Win	[168]	200	100
Win	[168]	200	100
Win	[180]	200	100
Win	[204]	200	100
Win	[204]	200	100
Win	[168]	200	100
Win	[204]	200	100
Win	[180]	200	100
Win	[168]	200	100
Win	[204]	200	100
Win	[156]	200	100
Win	[192]	150	100
Win	[180]	200	100
Win	[168]	200	100
Win	[192]	200	100
Win	240	150	100
Win	[144]	200	100
Win	[204]	200	100
Win	[192]	200	100
Win	[192]	200	100
Win	[156]	200	100
Win	[168]	200	100
Win	[204]	200	100
Win	[216]	200	100
Win	[204]	150	100
Win	[192]	150	100
Win	240	100	100
Win	[168]	200	100
Win	[168]	200	100
Win	[168]	200	100
Win	[156]	200	100
Win	[204]	200	100
Win	[156]	200	100
Win	[168]	200	100
Win	[192]	150	100
Win	[216]	200	100
Dogfall	240	100	75
Win	[180]	200	100
Win	[192]	150	100
Win	[216]	150	100
Win	[228]	150	100
Win	[192]	150	100
Win	[204]	150	100
Win	[168]	150	100
Win	[216]	150	100
Win	[180]	150	100
Win	[204]	200	100
Win	[204]	150	100
Win	[192]	150	100
Win	[180]	150	100
Win	[204]	150	100
Win	[192]	150	100
Win	[216]	150	100
Win	[192]	150	100
Win	[180]	200	100
Win	[180]	150	100
Win	[192]	150	100
Win	[156]	150	100
Win	[168]	200	100
Win	[192]	150	100
Win	[168]	200	100
Win	[180]	200	100
Win	[180]	150	100
Win	[204]	150	100
Win	[168]	200	100
Win	[204]	150	100
Win	[228]	200	100
Win	[156]	200	100
Win	[216]	150	100
Win	[204]	200	100
Win	[204]	200	100
Win	[204]	200	100
Win	[192]	150	100
Win	[228]	150	100
Win	[180]	150	100
Win	[180]	200	100
Win	[192]	150	100
Win	[216]	200	100
Win	[192]	150	100
Win	[204]	150	100
Win	[204]	150	100
Win	[216]	150	100
Win	[204]	150	100
Win	[216]	150	100
Win	[180]	200	100
Win	[192]	150	100
Win	[228]	150	100
Win	[180]	150	100
Win	[168]	200	100
Win	[180]	200	100
Win	[168]	200	100
Win	[204]	150	100
Win	[180]	150	100
Win	[180]	200	100
Win	[192]	150	100
Win	[156]	200	100
Win	[168]	200	100
Win	[156]	200	100
Win	[192]	200	100
Win	[180]	200	100
Win	[168]	200	100
Win	[168]	200	100
Win	[204]	150	100
Win	[192]	200	100
Win	[180]	200	100
Win	[180]	200	100
Win	[180]	200	100
Win	[204]	150	100
Win	[144]	200	100
Win	[216]	150	100
Win	[216]	150	100
Win	[156]	200	100
Win	[192]	150	100
Win	[180]	200	100
Win	[192]	150	100
Win	[192]	150	100
Win	[168]	150	100
Win	[192]	150	100
Win	240	100	100
Win	[180]	150	100
Win	[204]	150	100
Win	[192]	150	100
Win	[204]	150	100
Win	[168]	200	100
Win	[216]	150	100
Win	[180]	200	100
Win	[192]	150	100
Win	[216]	100	100
Win	[180]	200	100
Win	[204]	200	100
Win	[156]	200	100
Win	[156]	200	100
Win	[168]	200	100
Win	[168]	200	100
Win	[156]	200	100
Win	[180]	200	100
Win	[192]	200	100
Win	[168]	200	100
Win	[168]	200	100
Win	[180]	200	100
Win	[180]	200	100
Win	[168]	200	100
Win	[168]	200	100
Win	[168]	200	100
Win	[180]	200	100
Win	[192]	200	100
Win	[168]	200	100
Win	[168]	200	100
Win	[180]	200	100
Win	[168]	200	100
Win	[180]	200	100
Win	[156]	200	100
Win	[228]	200	100
Win	240	100	100
Win	[168]	200	100
Win	[216]	200	100
Win	[204]	200	100
Win	[180]	200	100
Win	[168]	200	100
Win	[156]	200	100
Win	[156]	200	100
Win	[156]	200	100
Win	[192]	200	100
Win	[192]	150	100
Win	[180]	150	100
Win	[204]	150	100
Win	[192]	150	100
Win	[204]	150	100
Win	[192]	150	100
Win	[168]	200	100
Win	[156]	200	100
Win	[144]	200	100
Win	[180]	200	100
Win	[156]	200	100
Win	[168]	200	100
Win	[180]	200	100
Win	[192]	150	100
Win	[180]	150	100
Win	[204]	150	100
Win	[192]	150	100
Win	[192]	150	100
Win	[180]	150	100
Win	[180]	150	100
Win	[180]	200	100
Win	[168]	200	100
Win	[192]	150	100
Win	[204]	150	100
Win	[192]	150	100
Win	[180]	200	100
Win	[216]	150	100
Win	[192]	150	100
Win	[180]	200	100
Win	[168]	200	100
Win	[180]	150	100
Win	[192]	150	100
Win	[156]	200	100
Win	[180]	200	100
Win	[180]	150	100
Win	[156]	200	100
Win	[204]	150	100
Win	[156]	200	100
Win	[156]	200	100
Win	[180]	200	100
Win	[204]	150	100
Win	[216]	100	100
Win	[204]	200	100
Win	[168]	200	100
Win	[192]	200	100
Win	[204]	200	100
Win	[204]	150	100
Win	[192]	150	100
Win	[204]	150	100
Dogfall	240	50	50
Win	[204]	150	100
Win	[180]	200	100
Win	[192]	150	100
Win	[180]	200	100
Win	[192]	150	100
Win	[192]	150	100
Win	[204]	150	100
Win	[192]	200	100
Win	[192]	150	100
Win	[216]	150	100
Win	[216]	200	100
Win	[204]	200	100
Win	[204]	200	100
Win	[192]	200	100
Dogfall	240	100	25
Win	[204]	150	100
Win	[204]	150	100
Win	[228]	150	100
Win	[168]	200	100
Win	[156]	200	100
Win	[192]	150	100
Win	[168]	200	100
Win	[168]	200	100
Win	[156]	200	100
Win	[180]	200	100
Win	240	50	100
Win	240	100	100
Win	[168]	200	100
Win	[156]	200	100
Win	[168]	200	100
Win	[144]	200	100
Win	[204]	150	100
Win	[168]	200	100
Win	[192]	200	100
Win	[156]	200	100
Win	[168]	200	100
Win	[204]	200	100
Win	[204]	200	100
Win	[204]	150	100
Win	[192]	150	100
Win	[168]	200	100
Win	[216]	200	100
Win	[168]	200	100
Win	[168]	200	100
Dogfall	240	150	75
Win	240	150	100
Win	[204]	200	100
Win	[156]	200	100
Win	[192]	200	100
Win	[180]	200	100
Win	[192]	200	100
Win	[156]	200	100
Win	[180]	150	100
Win	[168]	200	100
Win	[156]	200	100
Win	[168]	200	100
Win	[168]	200	100
Win	[204]	200	100
Win	[204]	200	100
Win	[192]	150	100
Win	[216]	150	100
Win	[168]	200	100
Win	[180]	200	100
Win	[180]	200	100
Win	[192]	150	100
Win	[180]	200	100
Win	[168]	200	100
Win	[192]	150	100
Win	[180]	150	100
Win	[180]	150	100
Win	[168]	200	100
Win	[192]	150	100
Win	[192]	150	100
Win	[216]	150	100
Win	[180]	150	100
Win	[180]	150	100
Win	[216]	150	100
Win	[180]	200	100
Loss	[204]	0	50
Win	[168]	150	100
Win	[180]	200	100
Win	[168]	200	100
Win	[204]	150	100
Win	[168]	200	100
Win	[180]	200	100
Win	[192]	150	100
Win	[168]	200	100
Win	[168]	200	100
Win	[180]	150	100
Win	[192]	200	100
Win	[168]	200	100
Win	[180]	200	100
Win	[204]	150	100
Win	[156]	200	100
Win	[216]	150	100
Win	[216]	150	100
Win	[204]	150	100
Win	[204]	200	100
Win	[168]	200	100
Win	[156]	200	100
Win	[192]	150	100
Win	[156]	200	100
Win	[204]	150	100
Win	[180]	200	100
Win	[180]	200	100
Win	[204]	150	100
Win	[156]	200	100
Win	[216]	200	100
Win	[216]	200	100
Win	[156]	200	100
Win	[192]	200	100
Win	[204]	200	100
Win	[192]	150	100
Win	[180]	200	100
Win	[192]	200	100
Win	[180]	200	100
Win	[180]	200	100
Win	[156]	200	100
Win	240	150	100
Win	[168]	200	100
Win	[192]	200	100
Win	[216]	200	100
Win	[168]	200	100
Win	[180]	200	100
Win	[180]	200	100
Win	[168]	200	100
Win	[180]	200	100
Win	[192]	150	100
Win	[192]	200	100
Win	[168]	150	100
Win	[204]	150	100
Win	[204]	150	100
Win	[192]	200	100
Win	[180]	150	100
Win	[180]	150	100
Win	[228]	150	100
Win	[204]	100	100
Win	[180]	200	100
Win	[180]	200	100
Win	[144]	200	100
Win	[180]	200	100
Win	240	150	100
Win	[168]	150	100
Win	[180]	200	100
Win	[204]	150	100
Win	[180]	200	100
Win	[180]	150	100
Win	[204]	150	100
Win	[204]	150	100
Win	[216]	150	100
Win	[216]	150	100
Win	[144]	200	100
Win	[180]	150	100
Win	[204]	150	100
Win	[192]	150	100
Win	[228]	150	100
Win	[204]	150	100
Win	[192]	150	100
Win	[180]	200	100
Win	[156]	200	100
Win	240	150	100
Win	[180]	150	100
Win	[216]	150	100
Win	[192]	200	100
Win	[168]	200	100
Win	[192]	200	100
Win	[204]	150	100
Win	[180]	150	100
Win	[192]	150	100
Win	[216]	150	100
Win	[228]	100	100
Win	[192]	150	100
Win	[168]	200	100
Win	[180]	150	100
Win	[156]	200	100
Win	[192]	150	100
Win	[192]	200	100
Win	[168]	200	100
Win	[192]	150	100
Win	[192]	200	100
Win	[168]	200	100
Win	[228]	200	100
Win	[156]	200	100
Win	[180]	200	100
Win	[168]	150	100
Win	[156]	200	100
Win	[192]	200	100
Win	[192]	200	100
Win	[180]	200	100
Win	[192]	150	100
Win	[192]	200	100
Win	[192]	150	100
Win	[180]	200	100
Win	[192]	200	100
Win	[168]	200	100
Win	[156]	200	100
Win	[192]	200	100
Win	[204]	150	100
Win	[168]	200	100
Win	[168]	200	100
Win	[204]	200	100
Win	[180]	200	100
Dogfall	240	100	75
Win	[180]	150	100
Win	[204]	150	100
Win	[180]	200	100
Win	[204]	150	100
Win	[204]	150	100
Win	[168]	200	100
Win	[156]	200	100
Win	[216]	150	100
Win	[204]	150	100
Win	[192]	150	100
Win	[192]	150	100
Win	[192]	150	100
Win	[180]	150	100
Win	[228]	100	100
Win	[192]	150	100
Win	[168]	200	100
Win	[204]	200	100
Win	[180]	200	100
Win	[180]	200	100
Win	[168]	200	100
Win	[192]	200	100
Win	[192]	150	100
Win	[180]	150	100
Win	[168]	200	100
Win	[180]	200	100
Win	[204]	150	100
Win	[168]	200	100
Win	[168]	200	100
Win	[192]	200	100
Win	[180]	200	100
Win	[192]	150	100
Win	[204]	200	100
Win	[168]	200	100
Win	[180]	200	100
Win	[204]	200	100
Win	[216]	200	100
Win	[204]	150	100
Win	[204]	150	100
Win	[168]	200	100
Win	[192]	200	100
Win	[204]	150	100
Win	[204]	200	100
Win	[168]	200	100
Win	[204]	150	100
Win	[180]	200	100
Dogfall	240	100	75
Win	[204]	200	100
Win	[204]	200	100
Win	[168]	200	100
Win	[204]	200	100
Win	[192]	200	100
Win	[180]	150	100
Win	[180]	200	100
Win	[180]	150	100
Win	[204]	150	100
Win	[204]	150	100
Win	[180]	150	100
Win	[192]	150	100
Win	[192]	150	100
Win	[216]	200	100
Win	[228]	150	100
Win	[180]	150	100
Win	[204]	150	100
Win	[156]	200	100
Win	[168]	200	100
Win	[168]	150	100
Win	[228]	150	100
Win	[192]	200	100
Win	[180]	200	100
Win	[204]	200	100
Win	[192]	200	100
Win	[216]	150	100
Win	[180]	200	100
Win	[168]	200	100
Win	[204]	150	100
Win	[216]	150	100
Win	[204]	200	100
Win	[168]	200	100
Win	[168]	200	100
Win	[168]	200	100
Win	[180]	150	100
Win	[192]	150	100
Win	[168]	200	100
Win	[156]	200	100
Win	240	150	100
Win	[180]	200	100
Win	[192]	200	100
Win	[168]	200	100
Win	[180]	200	100
Win	[204]	200	100
Win	[216]	200	100
Win	[180]	200	100
Win	[192]	150	100
Win	[156]	200	100
Win	[192]	200	100
Win	[192]	200	100
Win	[192]	200	100
Win	[180]	150	100
Win	[168]	200	100
Win	[192]	200	100
Win	[180]	150	100
Win	[204]	200	100
Win	[204]	150	100
Win	[204]	150	100
Win	[168]	200	100
Win	[180]	200	100
Win	[156]	200	100
Win	[216]	150	100
Win	[168]	200	100
Win	[204]	200	100
Win	[216]	150	100
Win	[204]	150	100
Win	[204]	150	100
Win	[216]	150	100
Dogfall	240	100	75
Dogfall	240	100	75
Win	[180]	150	100
Win	[180]	150	100
Win	[180]	200	100
Win	[180]	150	100
Win	[192]	150	100
Win	[180]	200	100
Win	[180]	200	100
Win	[192]	200	100
Win	[180]	200	100
Win	[156]	200	100
Win	[180]	200	100
Win	[192]	150	100
Win	[180]	150	100
Win	[180]	200	100
Win	[204]	200	100
Win	[144]	200	100
Win	[192]	150	100
Win	[192]	150	100
Win	[168]	150	100
Win	[204]	150	100
Win	[180]	200	100
Win	[180]	200	100
Win	[180]	150	100
