0.00 0.00 0.00 0.00 0.00 0.00 0.00 0.00 0.00 0.00 0.00 0.00
0.00 0.00 0.00 0.00 0.00 0.00 0.00 0.00 0.00 0.00 0.00 0.00
0.00 0.00 -1.00 -1.00 -1.00 -1.00 -1.00 -1.00 -1.00 0.00 0.00 0.00
0.00 0.00 -1.00 -6.00 19.00 -6.00 -6.00 -6.00 -2.00 -1.00 0.00 0.00
0.00 0.00 -2.00 -7.00 5.00 -20.00 -20.00 -11.00 -7.00 -1.00 0.00 0.00
0.00 0.00 -2.00 -11.00 -24.00 -35.00 -33.00 -24.00 -7.00 -1.00 0.00 0.00
0.00 0.00 -2.00 -11.00 -33.00 8.00 -44.00 -24.00 -7.00 -1.00 0.00 0.00
0.00 0.00 -2.00 -11.00 -24.00 -35.00 -33.00 -24.00 -7.00 -1.00 0.00 0.00
0.00 0.00 -2.00 -7.00 -20.00 -20.00 -20.00 -11.00 -7.00 -1.00 0.00 0.00
0.00 0.00 -1.00 -6.00 -6.00 -6.00 -6.00 -6.00 -2.00 -1.00 0.00 0.00
0.00 0.00 -1.00 -1.00 -1.00 -1.00 -1.00 -1.00 -1.00 0.00 0.00 0.00
0.00 0.00 0.00 0.00 0.00 0.00 0.00 0.00 0.00 0.00 0.00 0.00
0.00 0.00 0.00 0.00 0.00 0.00 0.00 0.00 0.00 0.00 0.00 0.00
