0.00 0.00 0.00 0.00 0.00 0.00 0.00 0.00 0.00 0.00 0.00 0.00 0.00
0.00 0.00 0.00 0.00 0.00 0.00 0.00 0.00 0.00 0.00 0.00 0.00 0.00
0.00 0.00 -1.00 -1.00 24.00 -1.00 -1.00 -1.00 -1.00 0.00 0.00 0.00 0.00
0.00 0.00 -1.00 -6.00 18.00 -7.00 -7.00 -7.00 -3.00 -2.00 -1.00 0.00 0.00
0.00 0.00 -1.00 -6.00 -20.00 -24.00 -24.00 -15.00 -11.00 -6.00 -1.00 0.00 0.00
0.00 0.00 -1.00 -6.00 -20.00 -35.00 -42.00 -33.00 -20.00 -6.00 -1.00 0.00 0.00
0.00 0.00 -1.00 -6.00 30.00 -33.00 -44.00 -35.00 -20.00 -6.00 -1.00 0.00 0.00
0.00 0.00 -1.00 -6.00 -11.00 -24.00 -33.00 -33.00 -20.00 -6.00 -1.00 0.00 0.00
0.00 0.00 -1.00 -2.00 -7.00 -11.00 -11.00 -11.00 -11.00 -6.00 -1.00 0.00 0.00
0.00 0.00 0.00 -1.00 -2.00 -2.00 -2.00 -2.00 -2.00 -2.00 -1.00 0.00 0.00
0.00 0.00 0.00 0.00 0.00 0.00 0.00 0.00 0.00 0.00 0.00 0.00 0.00
0.00 0.00 0.00 0.00 0.00 0.00 0.00 0.00 0.00 0.00 0.00 0.00 0.00
