0.00 0.00 0.00 0.00 0.00 0.00 0.00 0.00 0.00 0.00 0.00 0.00 0.00
0.00 0.00 0.00 0.00 0.00 0.00 0.00 0.00 0.00 0.00 0.00 0.00 0.00
0.00 0.00 -1.00 -1.00 -1.00 -1.00 -1.00 -1.00 -1.00 0.00 0.00 0.00 0.00
0.00 0.00 -1.00 -5.00 -5.00 -5.00 -5.00 -5.00 -1.00 0.00 0.00 0.00 0.00
0.00 0.00 -1.00 20.00 -14.00 -14.00 -14.00 -5.00 -1.00 0.00 0.00 0.00 0.00
0.00 0.00 -1.00 -5.00 10.00 -17.00 -15.00 -6.00 -2.00 -1.00 -1.00 0.00 0.00
0.00 0.00 -1.00 -5.00 -16.00 -20.00 -20.00 -11.00 -7.00 -6.00 -2.00 0.00 0.00
0.00 0.00 -1.00 -5.00 -7.00 -15.00 -24.00 -24.00 -20.00 -10.00 -2.00 0.00 0.00
0.00 0.00 -1.00 -1.00 -3.00 -11.00 -29.00 -31.00 -29.00 -10.00 -2.00 0.00 0.00
0.00 0.00 0.00 0.00 23.00 15.00 -28.00 -30.00 -28.00 -10.00 -2.00 0.00 0.00
0.00 0.00 0.00 0.00 -2.00 -10.00 -19.00 -19.00 -19.00 -10.00 -2.00 0.00 0.00
0.00 0.00 0.00 0.00 -2.00 -6.00 -6.00 -6.00 -6.00 -6.00 -2.00 0.00 0.00
0.00 0.00 0.00 0.00 -1.00 -1.00 -1.00 -1.00 -1.00 -1.00 -1.00 0.00 0.00
0.00 0.00 0.00 0.00 0.00 0.00 0.00 0.00 0.00 0.00 0.00 0.00 0.00
0.00 0.00 0.00 0.00 0.00 0.00 0.00 0.00 0.00 0.00 0.00 0.00 0.00
