0.00 0.00 0.00 0.00 0.00 0.00 0.00 0.00 0.00 0.00 0.00
0.00 0.00 0.00 0.00 0.00 0.00 0.00 0.00 0.00 0.00 0.00
0.00 0.00 -1.00 49.00 -1.00 -1.00 -1.00 -1.00 -1.00 0.00 0.00
0.00 0.00 -3.00 -7.00 -7.00 -7.00 -7.00 -7.00 -3.00 0.00 0.00
0.00 0.00 -3.00 -15.00 -24.00 -24.00 -24.00 -15.00 -3.00 0.00 0.00
0.00 0.00 -3.00 -15.00 -42.00 -44.00 -42.00 -15.00 -3.00 0.00 0.00
0.00 0.00 -3.00 10.00 -17.00 -46.00 -42.00 -15.00 -3.00 0.00 0.00
0.00 0.00 -3.00 -15.00 -33.00 -33.00 -33.00 -15.00 -3.00 0.00 0.00
0.00 0.00 -3.00 -11.00 -11.00 -11.00 -11.00 -11.00 -3.00 0.00 0.00
0.00 0.00 -2.00 -2.00 -2.00 -2.00 -2.00 -2.00 -2.00 0.00 0.00
0.00 0.00 0.00 0.00 0.00 0.00 0.00 0.00 0.00 0.00 0.00
0.00 0.00 0.00 0.00 0.00 0.00 0.00 0.00 0.00 0.00 0.00
