1	243	[0]	[150]
2	241	[0]	[150]
3	241	[0]	[150]
4	241	[0]	[200]
5	241	[0]	[0]
6	242	[0]	[150]
7	241	[0]	[150]
8	241	[0]	[150]
9	241	[0]	[0]
10	241	[0]	[150]
1	240	[0]	[150]
2	240	[0]	[200]
1	240	[0]	[150]
1	240	[0]	[150]
2	240	[0]	[150]
1	240	[0]	[150]
1	240	[0]	[200]
1	240	[0]	[150]
1	240	[0]	[100]
2	240	[0]	[150]
3	240	[0]	[200]
1	240	[0]	[150]
2	240	[0]	[150]
3	240	[0]	[150]
4	240	[0]	[150]
5	240	[0]	[200]
1	243	[0]	[150]
2	241	[0]	[200]
3	241	[0]	[200]
4	241	[0]	[150]
5	241	[0]	[150]
1	243	[0]	[150]
1	243	[0]	[100]
1	243	[0]	[150]
2	241	[0]	[150]
3	241	[0]	[150]
4	247	[0]	[100]
1	243	[0]	[50]
1	243	[0]	[150]
1	243	[0]	[150]
2	241	[0]	[150]
3	241	[0]	[150]
4	241	[0]	[150]
5	241	[0]	[200]
1	243	[0]	[200]
2	241	[0]	[200]
3	241	[0]	[200]
4	241	[0]	[150]
5	241	[0]	[150]
6	241	[0]	[150]
1	243	[0]	[100]
2	241	[0]	[150]
3	241	[0]	[200]
4	241	[0]	[100]
1	243	[0]	[150]
1	243	[0]	[150]
1	243	[0]	[0]
1	243	[0]	[150]
2	241	[0]	[150]
3	241	[0]	[150]
4	241	[0]	[200]
5	241	[0]	[200]
6	241	[0]	[150]
7	241	[0]	[150]
8	241	[0]	[200]
9	241	[0]	[100]
10	241	[0]	[200]
1	243	[0]	[150]
2	241	[0]	[150]
3	241	[0]	[150]
4	241	[0]	[150]
1	240	[0]	[150]
2	240	[0]	[150]
3	240	[0]	[150]
4	240	[0]	[100]
5	240	[0]	[150]
6	240	[0]	[200]
7	240	[0]	[200]
8	240	[0]	[150]
9	240	[0]	[200]
10	240	[0]	[200]
1	240	[0]	[200]
2	240	[0]	[200]
3	240	[0]	[200]
4	240	[0]	[200]
1	240	[0]	[150]
2	240	[0]	[150]
3	240	[0]	[150]
4	240	[0]	[100]
1	240	[0]	[200]
2	240	[0]	[200]
3	240	[0]	[150]
4	240	[0]	[150]
5	240	[0]	[200]
6	240	[0]	[200]
7	240	[0]	[150]
1	240	[0]	[150]
2	240	[0]	[150]
3	240	[0]	[150]
4	240	[0]	[150]
5	240	[0]	[150]
1	240	[0]	[200]
2	240	[0]	[150]
3	240	[0]	[200]
4	240	[0]	[150]
5	240	[0]	[200]
6	240	[0]	[150]
7	240	[0]	[150]
8	240	[0]	[200]
9	240	[0]	[150]
10	240	[0]	[150]
1	240	[0]	[150]
2	240	[0]	[200]
3	240	[0]	[100]
4	240	[0]	[200]
5	240	[0]	[200]
6	240	[0]	[200]
1	240	[0]	[150]
2	240	[0]	[200]
3	240	[0]	[200]
4	240	[0]	[200]
5	240	[0]	[200]
6	240	[0]	[200]
7	240	[0]	[200]
8	240	[0]	[200]
9	240	[0]	[200]
10	240	[0]	[200]
11	240	[0]	[200]
12	240	[0]	[200]
13	240	[0]	[200]
14	240	[0]	[200]
15	240	[0]	[200]
16	240	[0]	[200]
17	240	[0]	[200]
18	240	[0]	[200]
19	240	[0]	[200]
20	240	[0]	[200]
21	240	[0]	[200]
22	240	[0]	[200]
23	240	[0]	[200]
24	240	[0]	[200]
25	240	[0]	[150]
26	240	[0]	[150]
27	240	[0]	[150]
28	240	[0]	[200]
29	240	[0]	[150]
30	240	[0]	[150]
31	240	[0]	[200]
32	240	[0]	[200]
33	240	[0]	[150]
34	240	[0]	[200]
35	240	[0]	[150]
36	240	[0]	[200]
37	240	[0]	[200]
38	240	[0]	[200]
39	240	[0]	[150]
40	240	[0]	[200]
41	240	[0]	[200]
42	240	[0]	[200]
43	240	[0]	[150]
44	240	[0]	[150]
45	240	[0]	[200]
46	240	[0]	[150]
47	240	[0]	[200]
48	240	[0]	[150]
49	240	[0]	[150]
50	240	[0]	[200]
51	240	[0]	[150]
52	240	[0]	[150]
53	240	[0]	[150]
54	240	[0]	[200]
55	240	[0]	[150]
56	240	[0]	[150]
57	240	[0]	[200]
58	240	[0]	[200]
59	240	[0]	[200]
60	240	[0]	[200]
61	240	[0]	[200]
62	240	[0]	[200]
63	240	[0]	[200]
64	240	[0]	[200]
65	240	[0]	[200]
66	240	[0]	[150]
67	240	[0]	[150]
68	240	[0]	[200]
69	240	[0]	[200]
70	240	[0]	[200]
71	240	[0]	[200]
72	240	[0]	[200]
73	240	[0]	[200]
74	240	[0]	[150]
75	240	[0]	[200]
76	240	[0]	[150]
77	240	[0]	[150]
78	240	[0]	[150]
79	240	[0]	[200]
80	240	[0]	[150]
81	240	[0]	[150]
82	240	[0]	[150]
83	240	[0]	[100]
84	240	[0]	[150]
85	240	[0]	[200]
86	240	[0]	[150]
87	240	[0]	[100]
88	240	[0]	[150]
89	240	[0]	[200]
90	240	[0]	[150]
91	240	[0]	[150]
92	240	[0]	[200]
93	240	[0]	[200]
94	240	[0]	[200]
95	240	[0]	[200]
96	240	[0]	[200]
97	240	[0]	[200]
98	240	[0]	[200]
99	240	[0]	[150]
100	240	[0]	[200]
101	240	[0]	[150]
102	240	[0]	[200]
103	240	[0]	[200]
104	240	[0]	[200]
105	240	[0]	[200]
106	240	[0]	[150]
107	240	[0]	[200]
108	240	[0]	[200]
109	240	[0]	[200]
110	240	[0]	[200]
111	240	[0]	[150]
112	240	[0]	[200]
113	240	[0]	[200]
114	240	[0]	[150]
115	240	[0]	[150]
116	240	[0]	[200]
117	240	[0]	[100]
118	240	[0]	[200]
119	240	[0]	[150]
120	240	[0]	[200]
121	240	[0]	[150]
122	240	[0]	[200]
123	240	[0]	[200]
124	240	[0]	[200]
125	240	[0]	[200]
126	240	[0]	[200]
127	240	[0]	[150]
128	240	[0]	[200]
129	240	[0]	[200]
130	240	[0]	[150]
131	240	[0]	[200]
132	240	[0]	[200]
133	240	[0]	[200]
134	240	[0]	[200]
135	240	[0]	[200]
136	240	[0]	[200]
137	240	[0]	[150]
138	240	[0]	[200]
139	240	[0]	[150]
140	240	[0]	[150]
141	240	[0]	[100]
142	240	[0]	[200]
143	240	[0]	[200]
144	240	[0]	[200]
145	240	[0]	[200]
146	240	[0]	[200]
147	240	[0]	[200]
148	240	[0]	[200]
149	240	[0]	[150]
150	240	[0]	[200]
151	240	[0]	[150]
152	240	[0]	[200]
153	240	[0]	[150]
154	240	[0]	[200]
155	240	[0]	[200]
156	240	[0]	[200]
157	240	[0]	[200]
158	240	[0]	[200]
159	240	[0]	[200]
160	240	[0]	[200]
161	240	[0]	[200]
162	240	[0]	[200]
163	240	[0]	[200]
164	240	[0]	[200]
165	240	[0]	[200]
166	240	[0]	[50]
167	240	[0]	[200]
168	240	[0]	[200]
169	240	[0]	[200]
170	240	[0]	[200]
171	240	[0]	[200]
172	240	[0]	[200]
173	240	[0]	[200]
174	240	[0]	[200]
175	240	[0]	[150]
176	240	[0]	[150]
177	240	[0]	[200]
178	240	[0]	[150]
179	240	[0]	[200]
180	240	[0]	[200]
181	240	[0]	[200]
182	240	[0]	[150]
183	240	[0]	[150]
184	240	[0]	[150]
185	240	[0]	[200]
186	240	[0]	[200]
187	240	[0]	[200]
188	240	[0]	[200]
189	240	[0]	[200]
190	240	[0]	[200]
191	240	[0]	[200]
192	240	[0]	[200]
193	240	[0]	[200]
194	240	[0]	[200]
195	240	[0]	[200]
196	240	[0]	[200]
197	240	[0]	[150]
198	240	[0]	[200]
199	240	[0]	[200]
200	240	[0]	[200]
201	240	[0]	[200]
202	240	[0]	[200]
203	240	[0]	[200]
204	240	[0]	[200]
205	240	[0]	[200]
206	240	[0]	[150]
207	240	[0]	[150]
208	240	[0]	[200]
209	240	[0]	[200]
210	240	[0]	[200]
211	240	[0]	[200]
212	240	[0]	[200]
213	240	[0]	[200]
214	240	[0]	[200]
215	240	[0]	[200]
216	240	[0]	[200]
217	240	[0]	[200]
218	240	[0]	[200]
219	240	[0]	[200]
220	240	[0]	[150]
221	240	[0]	[200]
222	240	[0]	[150]
223	240	[0]	[200]
224	240	[0]	[200]
225	240	[0]	[150]
226	240	[0]	[200]
227	240	[0]	[200]
228	240	[0]	[200]
229	240	[0]	[150]
230	240	[0]	[200]
231	240	[0]	[200]
232	240	[0]	[200]
233	240	[0]	[200]
234	240	[0]	[200]
235	240	[0]	[200]
236	240	[0]	[200]
237	240	[0]	[200]
238	240	[0]	[200]
239	240	[0]	[200]
240	240	[0]	[200]
241	240	[0]	[200]
242	240	[0]	[200]
243	240	[0]	[200]
244	240	[0]	[200]
245	240	[0]	[200]
246	240	[0]	[200]
247	240	[0]	[150]
248	240	[0]	[150]
249	240	[0]	[150]
250	240	[0]	[150]
251	240	[0]	[150]
252	240	[0]	[150]
253	240	[0]	[150]
254	240	[0]	[200]
255	240	[0]	[150]
256	240	[0]	[150]
257	240	[0]	[100]
258	240	[0]	[150]
259	240	[0]	[200]
260	240	[0]	[150]
261	240	[0]	[150]
262	240	[0]	[150]
263	240	[0]	[150]
264	240	[0]	[150]
265	240	[0]	[150]
266	240	[0]	[150]
267	240	[0]	[150]
268	240	[0]	[150]
269	240	[0]	[150]
270	240	[0]	[150]
271	240	[0]	[200]
272	240	[0]	[200]
273	240	[0]	[200]
274	240	[0]	[200]
275	240	[0]	[200]
276	240	[0]	[150]
277	240	[0]	[200]
278	240	[0]	[100]
279	240	[0]	[150]
280	240	[0]	[150]
281	240	[0]	[150]
282	240	[0]	[150]
283	240	[0]	[200]
284	240	[0]	[150]
285	240	[0]	[150]
286	240	[0]	[200]
287	240	[0]	[150]
288	240	[0]	[150]
289	240	[0]	[200]
290	240	[0]	[200]
291	240	[0]	[150]
292	240	[0]	[200]
293	240	[0]	[200]
294	240	[0]	[200]
295	240	[0]	[150]
296	240	[0]	[150]
297	240	[0]	[200]
298	240	[0]	[200]
299	240	[0]	[150]
300	240	[0]	[200]
301	240	[0]	[200]
302	240	[0]	[200]
303	240	[0]	[150]
304	240	[0]	[150]
305	240	[0]	[200]
306	240	[0]	[200]
307	240	[0]	[150]
308	240	[0]	[150]
309	240	[0]	[150]
310	240	[0]	[150]
311	240	[0]	[150]
312	240	[0]	[150]
313	240	[0]	[150]
314	240	[0]	[200]
315	240	[0]	[200]
316	240	[0]	[200]
317	240	[0]	[200]
318	240	[0]	[200]
319	240	[0]	[200]
320	240	[0]	[200]
321	240	[0]	[150]
322	240	[0]	[200]
323	240	[0]	[200]
324	240	[0]	[150]
325	240	[0]	[150]
326	240	[0]	[150]
327	240	[0]	[150]
328	240	[0]	[150]
329	240	[0]	[150]
330	240	[0]	[150]
331	240	[0]	[200]
332	240	[0]	[200]
333	240	[0]	[200]
334	240	[0]	[200]
335	240	[0]	[200]
336	240	[0]	[200]
337	240	[0]	[200]
338	240	[0]	[200]
339	240	[0]	[200]
340	240	[0]	[200]
341	240	[0]	[200]
342	240	[0]	[200]
343	240	[0]	[200]
344	240	[0]	[200]
345	240	[0]	[200]
346	240	[0]	[200]
347	240	[0]	[150]
348	240	[0]	[200]
349	240	[0]	[100]
350	240	[0]	[200]
351	240	[0]	[200]
352	240	[0]	[150]
353	240	[0]	[150]
354	240	[0]	[200]
355	240	[0]	[200]
356	240	[0]	[200]
357	240	[0]	[200]
358	240	[0]	[200]
359	240	[0]	[200]
360	240	[0]	[200]
361	240	[0]	[200]
362	240	[0]	[200]
363	240	[0]	[200]
364	240	[0]	[150]
365	240	[0]	[150]
366	240	[0]	[200]
367	240	[0]	[200]
368	240	[0]	[150]
369	240	[0]	[150]
370	240	[0]	[200]
371	240	[0]	[200]
372	240	[0]	[200]
373	240	[0]	[200]
374	240	[0]	[200]
375	240	[0]	[200]
376	240	[0]	[200]
377	240	[0]	[150]
378	240	[0]	[150]
379	240	[0]	[150]
380	240	[0]	[200]
381	240	[0]	[150]
382	240	[0]	[200]
383	240	[0]	[150]
384	240	[0]	[150]
385	240	[0]	[150]
386	240	[0]	[150]
387	240	[0]	[150]
388	240	[0]	[150]
389	240	[0]	[150]
390	240	[0]	[200]
391	240	[0]	[200]
392	240	[0]	[200]
393	240	[0]	[200]
394	240	[0]	[200]
395	240	[0]	[200]
396	240	[0]	[200]
397	240	[0]	[200]
398	240	[0]	[200]
399	240	[0]	[200]
400	240	[0]	[200]
401	240	[0]	[200]
402	240	[0]	[200]
403	240	[0]	[200]
404	240	[0]	[200]
405	240	[0]	[200]
406	240	[0]	[200]
407	240	[0]	[200]
408	240	[0]	[200]
409	240	[0]	[200]
410	240	[0]	[200]
411	240	[0]	[200]
412	240	[0]	[150]
413	240	[0]	[200]
414	240	[0]	[150]
415	240	[0]	[100]
416	240	[0]	[150]
417	240	[0]	[150]
418	240	[0]	[150]
419	240	[0]	[150]
420	240	[0]	[150]
421	240	[0]	[150]
422	240	[0]	[150]
423	240	[0]	[150]
424	240	[0]	[200]
425	240	[0]	[150]
426	240	[0]	[150]
427	240	[0]	[200]
428	240	[0]	[200]
429	240	[0]	[200]
430	240	[0]	[200]
431	240	[0]	[100]
432	240	[0]	[150]
433	240	[0]	[150]
434	240	[0]	[200]
435	240	[0]	[200]
436	240	[0]	[150]
437	240	[0]	[200]
438	240	[0]	[200]
439	240	[0]	[200]
440	240	[0]	[200]
441	240	[0]	[200]
442	240	[0]	[200]
443	240	[0]	[150]
444	240	[0]	[200]
445	240	[0]	[200]
446	240	[0]	[150]
447	240	[0]	[200]
448	240	[0]	[150]
449	240	[0]	[150]
450	240	[0]	[200]
451	240	[0]	[150]
452	240	[0]	[150]
453	240	[0]	[150]
454	240	[0]	[200]
455	240	[0]	[150]
456	240	[0]	[200]
457	240	[0]	[150]
458	240	[0]	[150]
459	240	[0]	[200]
460	240	[0]	[150]
461	240	[0]	[150]
462	240	[0]	[200]
463	240	[0]	[200]
464	240	[0]	[200]
465	240	[0]	[200]
466	240	[0]	[200]
467	240	[0]	[150]
468	240	[0]	[200]
469	240	[0]	[200]
470	240	[0]	[150]
471	240	[0]	[200]
472	240	[0]	[200]
473	240	[0]	[200]
474	240	[0]	[150]
475	240	[0]	[200]
476	240	[0]	[200]
477	240	[0]	[200]
478	240	[0]	[200]
479	240	[0]	[150]
480	240	[0]	[200]
481	240	[0]	[150]
482	240	[0]	[150]
483	240	[0]	[200]
484	240	[0]	[200]
485	240	[0]	[150]
486	240	[0]	[150]
487	240	[0]	[100]
488	240	[0]	[150]
489	240	[0]	[150]
490	240	[0]	[150]
491	240	[0]	[200]
492	240	[0]	[200]
493	240	[0]	[200]
494	240	[0]	[200]
495	240	[0]	[200]
496	240	[0]	[200]
497	240	[0]	[200]
498	240	[0]	[200]
499	240	[0]	[150]
500	240	[0]	[200]
501	240	[0]	[200]
502	240	[0]	[200]
503	240	[0]	[200]
504	240	[0]	[200]
505	240	[0]	[200]
506	240	[0]	[150]
507	240	[0]	[200]
508	240	[0]	[200]
509	240	[0]	[200]
510	240	[0]	[150]
511	240	[0]	[200]
512	240	[0]	[200]
513	240	[0]	[200]
514	240	[0]	[200]
515	240	[0]	[200]
516	240	[0]	[200]
517	240	[0]	[200]
518	240	[0]	[150]
519	240	[0]	[200]
520	240	[0]	[200]
521	240	[0]	[150]
522	240	[0]	[150]
523	240	[0]	[200]
524	240	[0]	[200]
525	240	[0]	[200]
526	240	[0]	[100]
527	240	[0]	[200]
528	240	[0]	[100]
529	240	[0]	[150]
530	240	[0]	[150]
531	240	[0]	[200]
532	240	[0]	[200]
533	240	[0]	[200]
534	240	[0]	[200]
535	240	[0]	[200]
536	240	[0]	[150]
537	240	[0]	[200]
538	240	[0]	[200]
539	240	[0]	[150]
540	240	[0]	[200]
541	240	[0]	[200]
542	240	[0]	[200]
543	240	[0]	[200]
544	240	[0]	[200]
545	240	[0]	[200]
546	240	[0]	[200]
547	240	[0]	[150]
548	240	[0]	[150]
549	240	[0]	[150]
550	240	[0]	[200]
551	240	[0]	[150]
552	240	[0]	[150]
553	240	[0]	[200]
554	240	[0]	[200]
555	240	[0]	[0]
556	240	[0]	[150]
557	240	[0]	[150]
558	240	[0]	[150]
559	240	[0]	[200]
560	240	[0]	[200]
561	240	[0]	[150]
562	240	[0]	[200]
563	240	[0]	[200]
564	240	[0]	[150]
565	240	[0]	[200]
566	240	[0]	[200]
567	240	[0]	[200]
568	240	[0]	[200]
569	240	[0]	[200]
570	240	[0]	[200]
571	240	[0]	[200]
572	240	[0]	[200]
573	240	[0]	[100]
574	240	[0]	[150]
575	240	[0]	[200]
576	240	[0]	[150]
577	240	[0]	[150]
578	240	[0]	[200]
579	240	[0]	[150]
580	240	[0]	[150]
581	240	[0]	[150]
582	240	[0]	[150]
583	240	[0]	[150]
584	240	[0]	[200]
585	240	[0]	[150]
586	240	[0]	[200]
587	240	[0]	[150]
588	240	[0]	[200]
589	240	[0]	[100]
590	240	[0]	[200]
591	240	[0]	[200]
592	240	[0]	[150]
593	240	[0]	[150]
594	240	[0]	[200]
595	240	[0]	[150]
596	240	[0]	[200]
597	240	[0]	[200]
598	240	[0]	[100]
599	240	[0]	[150]
600	240	[0]	[200]
601	240	[0]	[200]
602	240	[0]	[150]
603	240	[0]	[200]
604	240	[0]	[200]
605	240	[0]	[200]
606	240	[0]	[200]
607	240	[0]	[200]
608	240	[0]	[150]
609	240	[0]	[200]
610	240	[0]	[200]
611	240	[0]	[200]
612	240	[0]	[150]
613	240	[0]	[200]
614	240	[0]	[200]
615	240	[0]	[150]
616	240	[0]	[200]
617	240	[0]	[200]
618	240	[0]	[200]
619	240	[0]	[200]
620	240	[0]	[150]
621	240	[0]	[150]
622	240	[0]	[150]
623	240	[0]	[200]
624	240	[0]	[200]
625	240	[0]	[200]
626	240	[0]	[200]
627	240	[0]	[200]
628	240	[0]	[200]
629	240	[0]	[200]
630	240	[0]	[200]
631	240	[0]	[150]
632	240	[0]	[150]
633	240	[0]	[150]
634	240	[0]	[150]
635	240	[0]	[150]
636	240	[0]	[200]
637	240	[0]	[200]
638	240	[0]	[200]
639	240	[0]	[150]
640	240	[0]	[150]
641	240	[0]	[200]
642	240	[0]	[200]
643	240	[0]	[150]
644	240	[0]	[200]
645	240	[0]	[200]
646	240	[0]	[200]
647	240	[0]	[150]
648	240	[0]	[200]
649	240	[0]	[150]
650	240	[0]	[200]
651	240	[0]	[150]
652	240	[0]	[200]
653	240	[0]	[200]
654	240	[0]	[200]
655	240	[0]	[200]
656	240	[0]	[200]
657	240	[0]	[200]
658	240	[0]	[200]
659	240	[0]	[200]
660	240	[0]	[200]
661	240	[0]	[150]
662	240	[0]	[150]
663	240	[0]	[200]
664	240	[0]	[200]
665	240	[0]	[200]
666	240	[0]	[200]
667	240	[0]	[150]
668	240	[0]	[150]
669	240	[0]	[150]
670	240	[0]	[100]
671	240	[0]	[150]
672	240	[0]	[200]
673	240	[0]	[200]
674	240	[0]	[150]
675	240	[0]	[150]
676	240	[0]	[150]
677	240	[0]	[200]
678	240	[0]	[200]
679	240	[0]	[150]
680	240	[0]	[150]
681	240	[0]	[150]
682	240	[0]	[150]
683	240	[0]	[200]
684	240	[0]	[150]
685	240	[0]	[150]
686	240	[0]	[150]
687	240	[0]	[150]
688	240	[0]	[150]
689	240	[0]	[200]
690	240	[0]	[200]
691	240	[0]	[200]
692	240	[0]	[200]
693	240	[0]	[150]
694	240	[0]	[150]
695	240	[0]	[200]
696	240	[0]	[100]
697	240	[0]	[150]
698	240	[0]	[150]
699	240	[0]	[150]
700	240	[0]	[200]
701	240	[0]	[200]
702	240	[0]	[200]
703	240	[0]	[150]
704	240	[0]	[150]
705	240	[0]	[200]
706	240	[0]	[200]
707	240	[0]	[150]
708	240	[0]	[200]
709	240	[0]	[150]
710	240	[0]	[150]
711	240	[0]	[150]
712	240	[0]	[200]
713	240	[0]	[200]
714	240	[0]	[150]
715	240	[0]	[150]
716	240	[0]	[150]
717	240	[0]	[200]
718	240	[0]	[150]
719	240	[0]	[150]
720	240	[0]	[200]
721	240	[0]	[150]
722	240	[0]	[150]
723	240	[0]	[200]
724	240	[0]	[150]
725	240	[0]	[150]
726	240	[0]	[150]
727	240	[0]	[150]
728	240	[0]	[150]
729	240	[0]	[200]
730	240	[0]	[200]
731	240	[0]	[200]
732	240	[0]	[200]
733	240	[0]	[200]
734	240	[0]	[200]
735	240	[0]	[100]
736	240	[0]	[200]
737	240	[0]	[200]
738	240	[0]	[150]
739	240	[0]	[200]
740	240	[0]	[200]
741	240	[0]	[150]
742	240	[0]	[200]
743	240	[0]	[200]
744	240	[0]	[200]
745	240	[0]	[200]
746	240	[0]	[200]
747	240	[0]	[150]
748	240	[0]	[200]
749	240	[0]	[200]
750	240	[0]	[200]
751	240	[0]	[200]
752	240	[0]	[200]
753	240	[0]	[100]
754	240	[0]	[200]
755	240	[0]	[200]
756	240	[0]	[100]
757	240	[0]	[150]
758	240	[0]	[150]
759	240	[0]	[100]
760	240	[0]	[200]
761	240	[0]	[150]
762	240	[0]	[200]
763	240	[0]	[200]
764	240	[0]	[200]
765	240	[0]	[150]
766	240	[0]	[150]
767	240	[0]	[150]
768	240	[0]	[150]
769	240	[0]	[200]
770	240	[0]	[200]
771	240	[0]	[200]
772	240	[0]	[100]
773	240	[0]	[150]
774	240	[0]	[150]
775	240	[0]	[150]
776	240	[0]	[150]
777	240	[0]	[200]
778	240	[0]	[150]
779	240	[0]	[150]
780	240	[0]	[200]
781	240	[0]	[200]
782	240	[0]	[200]
783	240	[0]	[50]
784	240	[0]	[150]
785	240	[0]	[100]
786	240	[0]	[150]
787	240	[0]	[200]
788	240	[0]	[200]
789	240	[0]	[150]
790	240	[0]	[150]
791	240	[0]	[200]
792	240	[0]	[200]
793	240	[0]	[150]
794	240	[0]	[50]
795	240	[0]	[200]
796	240	[0]	[200]
797	240	[0]	[200]
798	240	[0]	[200]
799	240	[0]	[200]
800	240	[0]	[200]
801	240	[0]	[150]
802	240	[0]	[200]
803	240	[0]	[200]
804	240	[0]	[200]
805	240	[0]	[200]
806	240	[0]	[200]
807	240	[0]	[200]
808	240	[0]	[150]
809	240	[0]	[150]
810	240	[0]	[150]
811	240	[0]	[200]
812	240	[0]	[200]
813	240	[0]	[200]
814	240	[0]	[200]
815	240	[0]	[200]
816	240	[0]	[200]
817	240	[0]	[200]
818	240	[0]	[200]
819	240	[0]	[200]
820	240	[0]	[200]
821	240	[0]	[200]
822	240	[0]	[100]
823	240	[0]	[150]
824	240	[0]	[200]
825	240	[0]	[200]
826	240	[0]	[100]
827	240	[0]	[150]
828	240	[0]	[150]
829	240	[0]	[150]
830	240	[0]	[150]
831	240	[0]	[150]
832	240	[0]	[150]
833	240	[0]	[150]
834	240	[0]	[150]
835	240	[0]	[200]
836	240	[0]	[200]
837	240	[0]	[100]
838	240	[0]	[200]
839	240	[0]	[200]
840	240	[0]	[150]
841	240	[0]	[200]
842	240	[0]	[150]
843	240	[0]	[200]
844	240	[0]	[200]
845	240	[0]	[150]
846	240	[0]	[150]
847	240	[0]	[150]
848	240	[0]	[150]
849	240	[0]	[150]
850	240	[0]	[150]
851	240	[0]	[150]
852	240	[0]	[200]
853	240	[0]	[100]
854	240	[0]	[200]
855	240	[0]	[200]
856	240	[0]	[150]
857	240	[0]	[150]
858	240	[0]	[150]
859	240	[0]	[200]
860	240	[0]	[200]
861	240	[0]	[200]
862	240	[0]	[200]
863	240	[0]	[200]
864	240	[0]	[150]
865	240	[0]	[150]
866	240	[0]	[200]
867	240	[0]	[150]
868	240	[0]	[200]
869	240	[0]	[200]
870	240	[0]	[200]
871	240	[0]	[200]
872	240	[0]	[150]
873	240	[0]	[150]
874	240	[0]	[150]
875	240	[0]	[150]
876	240	[0]	[200]
877	240	[0]	[150]
878	240	[0]	[200]
879	240	[0]	[150]
880	240	[0]	[150]
881	240	[0]	[150]
882	240	[0]	[150]
883	240	[0]	[150]
884	240	[0]	[150]
885	240	[0]	[200]
886	240	[0]	[200]
887	240	[0]	[200]
888	240	[0]	[150]
889	240	[0]	[200]
890	240	[0]	[200]
891	240	[0]	[200]
892	240	[0]	[200]
893	240	[0]	[200]
894	240	[0]	[200]
895	240	[0]	[200]
896	240	[0]	[200]
897	240	[0]	[200]
898	240	[0]	[150]
899	240	[0]	[100]
900	240	[0]	[100]
901	240	[0]	[150]
902	240	[0]	[200]
903	240	[0]	[150]
904	240	[0]	[150]
905	240	[0]	[150]
906	240	[0]	[150]
907	240	[0]	[200]
908	240	[0]	[200]
909	240	[0]	[150]
910	240	[0]	[150]
911	240	[0]	[150]
912	240	[0]	[150]
913	240	[0]	[200]
914	240	[0]	[200]
915	240	[0]	[150]
916	240	[0]	[150]
917	240	[0]	[100]
918	240	[0]	[150]
919	240	[0]	[200]
920	240	[0]	[200]
921	240	[0]	[200]
922	240	[0]	[200]
923	240	[0]	[200]
924	240	[0]	[200]
925	240	[0]	[150]
926	240	[0]	[200]
927	240	[0]	[150]
928	240	[0]	[200]
929	240	[0]	[200]
930	240	[0]	[200]
931	240	[0]	[200]
932	240	[0]	[200]
933	240	[0]	[200]
934	240	[0]	[200]
935	240	[0]	[200]
936	240	[0]	[200]
937	240	[0]	[200]
938	240	[0]	[200]
939	240	[0]	[200]
940	240	[0]	[200]
941	240	[0]	[200]
942	240	[0]	[150]
943	240	[0]	[150]
944	240	[0]	[200]
945	240	[0]	[150]
946	240	[0]	[150]
947	240	[0]	[150]
948	240	[0]	[150]
949	240	[0]	[150]
950	240	[0]	[150]
951	240	[0]	[150]
952	240	[0]	[150]
953	240	[0]	[150]
954	240	[0]	[150]
955	240	[0]	[150]
956	240	[0]	[200]
957	240	[0]	[200]
958	240	[0]	[200]
959	240	[0]	[200]
960	240	[0]	[200]
961	240	[0]	[200]
962	240	[0]	[200]
963	240	[0]	[200]
964	240	[0]	[200]
965	240	[0]	[150]
966	240	[0]	[200]
967	240	[0]	[200]
968	240	[0]	[200]
969	240	[0]	[200]
970	240	[0]	[200]
971	240	[0]	[200]
972	240	[0]	[150]
973	240	[0]	[150]
974	240	[0]	[200]
975	240	[0]	[150]
976	240	[0]	[150]
977	240	[0]	[200]
978	240	[0]	[150]
979	240	[0]	[150]
980	240	[0]	[100]
981	240	[0]	[150]
982	240	[0]	[150]
983	240	[0]	[150]
984	240	[0]	[200]
985	240	[0]	[150]
986	240	[0]	[150]
987	240	[0]	[100]
988	240	[0]	[100]
989	240	[0]	[150]
990	240	[0]	[200]
991	240	[0]	[150]
992	240	[0]	[150]
993	240	[0]	[200]
994	240	[0]	[200]
995	240	[0]	[200]
996	240	[0]	[150]
997	240	[0]	[150]
998	240	[0]	[150]
999	240	[0]	[200]
1000	240	[0]	[200]
1	243	[0]	[200]
2	241	[0]	[200]
3	241	[0]	[100]
4	241	[0]	[150]
5	241	[0]	[100]
6	241	[0]	[150]
7	241	[0]	[150]
8	241	[0]	[150]
9	242	[0]	[150]
10	241	[0]	[150]
11	241	[0]	[150]
12	242	[0]	[200]
13	241	[0]	[200]
14	242	[0]	[150]
15	241	[0]	[150]
16	241	[0]	[200]
17	241	[0]	[150]
18	241	[0]	[150]
19	241	[0]	[200]
20	241	[0]	[200]
21	241	[0]	[150]
22	242	[0]	[150]
23	241	[0]	[200]
24	241	[0]	[150]
25	241	[0]	[150]
26	241	[0]	[150]
27	241	[0]	[200]
28	241	[0]	[150]
29	241	[0]	[100]
30	241	[0]	[150]
31	241	[0]	[150]
32	241	[0]	[200]
33	241	[0]	[150]
34	241	[0]	[100]
1	243	[0]	[100]
2	241	[0]	[150]
3	241	[0]	[100]
4	241	[0]	[150]
5	241	[0]	[150]
6	241	[0]	[150]
7	241	[0]	[150]
1	243	[0]	[150]
2	242	[0]	[150]
3	241	[0]	[100]
4	241	[0]	[200]
1	243	[0]	[200]
2	241	[0]	[150]
1	240	[0]	[200]
2	240	[0]	[200]
3	240	[0]	[150]
4	240	[0]	[200]
5	240	[0]	[150]
6	240	[0]	[150]
7	240	[0]	[200]
1	244	[0]	[100]
1	243	[0]	[150]
1	240	[0]	[200]
2	240	[0]	[150]
3	240	[0]	[150]
4	240	[0]	[150]
5	240	[0]	[150]
6	240	[0]	[200]
7	240	[0]	[100]
8	240	[0]	[150]
9	240	[0]	[200]
10	240	[0]	[150]
11	240	[0]	[100]
12	240	[0]	[150]
13	240	[0]	[150]
14	240	[0]	[150]
15	240	[0]	[200]
16	240	[0]	[150]
17	240	[0]	[150]
18	240	[0]	[150]
19	240	[0]	[150]
20	240	[0]	[150]
1	240	[0]	[150]
2	240	[0]	[150]
3	240	[0]	[100]
4	240	[0]	[150]
5	240	[0]	[200]
6	240	[0]	[200]
7	240	[0]	[200]
8	240	[0]	[150]
9	240	[0]	[200]
10	240	[0]	[200]
11	240	[0]	[150]
12	240	[0]	[200]
13	240	[0]	[200]
14	240	[0]	[150]
15	240	[0]	[150]
16	240	[0]	[150]
17	240	[0]	[150]
18	240	[0]	[150]
19	240	[0]	[200]
20	240	[0]	[150]
21	240	[0]	[200]
22	240	[0]	[150]
23	240	[0]	[200]
24	240	[0]	[150]
25	240	[0]	[200]
26	240	[0]	[150]
27	240	[0]	[200]
28	240	[0]	[200]
29	240	[0]	[200]
30	240	[0]	[200]
31	240	[0]	[200]
32	240	[0]	[200]
33	240	[0]	[200]
34	240	[0]	[200]
35	240	[0]	[150]
36	240	[0]	[200]
37	240	[0]	[200]
38	240	[0]	[100]
39	240	[0]	[150]
40	240	[0]	[150]
41	240	[0]	[100]
42	240	[0]	[150]
43	240	[0]	[100]
44	240	[0]	[200]
45	240	[0]	[50]
46	240	[0]	[150]
47	240	[0]	[150]
48	240	[0]	[200]
49	240	[0]	[200]
50	240	[0]	[200]
51	240	[0]	[200]
52	240	[0]	[200]
53	240	[0]	[200]
54	240	[0]	[150]
55	240	[0]	[200]
56	240	[0]	[200]
57	240	[0]	[200]
58	240	[0]	[100]
59	240	[0]	[200]
60	240	[0]	[200]
61	240	[0]	[200]
62	240	[0]	[200]
63	240	[0]	[200]
64	240	[0]	[200]
65	240	[0]	[150]
66	240	[0]	[200]
67	240	[0]	[200]
68	240	[0]	[150]
69	240	[0]	[200]
70	240	[0]	[200]
71	240	[0]	[200]
72	240	[0]	[200]
73	240	[0]	[200]
74	240	[0]	[200]
75	240	[0]	[200]
76	240	[0]	[200]
77	240	[0]	[200]
78	240	[0]	[150]
79	240	[0]	[150]
80	240	[0]	[100]
81	240	[0]	[150]
82	240	[0]	[200]
83	240	[0]	[100]
84	240	[0]	[100]
85	240	[0]	[150]
86	240	[0]	[200]
87	240	[0]	[200]
88	240	[0]	[200]
89	240	[0]	[200]
90	240	[0]	[200]
91	240	[0]	[200]
92	240	[0]	[150]
93	240	[0]	[200]
94	240	[0]	[200]
95	240	[0]	[200]
96	240	[0]	[200]
97	240	[0]	[150]
98	240	[0]	[200]
99	240	[0]	[200]
100	240	[0]	[150]
101	240	[0]	[200]
102	240	[0]	[200]
103	240	[0]	[200]
104	240	[0]	[150]
105	240	[0]	[200]
106	240	[0]	[200]
107	240	[0]	[150]
108	240	[0]	[200]
109	240	[0]	[200]
110	240	[0]	[150]
111	240	[0]	[200]
112	240	[0]	[200]
113	240	[0]	[200]
114	240	[0]	[150]
115	240	[0]	[200]
116	240	[0]	[150]
117	240	[0]	[200]
118	240	[0]	[100]
119	240	[0]	[200]
120	240	[0]	[150]
121	240	[0]	[150]
122	240	[0]	[150]
123	240	[0]	[200]
124	240	[0]	[150]
125	240	[0]	[150]
126	240	[0]	[150]
127	240	[0]	[150]
128	240	[0]	[100]
129	240	[0]	[150]
130	240	[0]	[200]
131	240	[0]	[200]
132	240	[0]	[200]
133	240	[0]	[150]
134	240	[0]	[200]
135	240	[0]	[200]
136	240	[0]	[200]
137	240	[0]	[200]
138	240	[0]	[200]
139	240	[0]	[200]
140	240	[0]	[200]
141	240	[0]	[200]
142	240	[0]	[150]
143	240	[0]	[200]
144	240	[0]	[150]
145	240	[0]	[150]
146	240	[0]	[150]
147	240	[0]	[200]
148	240	[0]	[150]
149	240	[0]	[150]
150	240	[0]	[200]
151	240	[0]	[200]
152	240	[0]	[200]
153	240	[0]	[200]
154	240	[0]	[150]
155	240	[0]	[200]
156	240	[0]	[200]
157	240	[0]	[200]
158	240	[0]	[200]
159	240	[0]	[200]
160	240	[0]	[150]
161	240	[0]	[200]
162	240	[0]	[200]
163	240	[0]	[200]
164	240	[0]	[200]
165	240	[0]	[200]
166	240	[0]	[150]
167	240	[0]	[150]
168	240	[0]	[150]
169	240	[0]	[150]
170	240	[0]	[200]
171	240	[0]	[150]
172	240	[0]	[100]
173	240	[0]	[150]
174	240	[0]	[150]
175	240	[0]	[200]
176	240	[0]	[150]
177	240	[0]	[150]
178	240	[0]	[200]
179	240	[0]	[150]
180	240	[0]	[200]
181	240	[0]	[200]
182	240	[0]	[200]
183	240	[0]	[200]
184	240	[0]	[200]
185	240	[0]	[200]
186	240	[0]	[200]
187	240	[0]	[200]
188	240	[0]	[150]
189	240	[0]	[150]
190	240	[0]	[200]
191	240	[0]	[200]
192	240	[0]	[150]
193	240	[0]	[200]
194	240	[0]	[200]
195	240	[0]	[200]
196	240	[0]	[200]
197	240	[0]	[200]
198	240	[0]	[200]
199	240	[0]	[200]
200	240	[0]	[200]
201	240	[0]	[200]
202	240	[0]	[200]
203	240	[0]	[200]
204	240	[0]	[200]
205	240	[0]	[200]
206	240	[0]	[200]
207	240	[0]	[200]
208	240	[0]	[150]
209	240	[0]	[150]
210	240	[0]	[150]
211	240	[0]	[200]
212	240	[0]	[150]
213	240	[0]	[200]
214	240	[0]	[150]
215	240	[0]	[150]
216	240	[0]	[150]
217	240	[0]	[150]
218	240	[0]	[150]
219	240	[0]	[200]
220	240	[0]	[200]
221	240	[0]	[150]
222	240	[0]	[200]
223	240	[0]	[150]
224	240	[0]	[200]
225	240	[0]	[150]
226	240	[0]	[150]
227	240	[0]	[150]
228	240	[0]	[150]
229	240	[0]	[150]
230	240	[0]	[200]
231	240	[0]	[150]
232	240	[0]	[150]
233	240	[0]	[150]
234	240	[0]	[150]
235	240	[0]	[200]
236	240	[0]	[150]
237	240	[0]	[150]
238	240	[0]	[150]
239	240	[0]	[200]
240	240	[0]	[200]
241	240	[0]	[200]
242	240	[0]	[200]
243	240	[0]	[200]
244	240	[0]	[100]
245	240	[0]	[150]
246	240	[0]	[100]
247	240	[0]	[150]
248	240	[0]	[200]
249	240	[0]	[200]
250	240	[0]	[150]
251	240	[0]	[150]
252	240	[0]	[200]
253	240	[0]	[150]
254	240	[0]	[200]
255	240	[0]	[100]
256	240	[0]	[150]
257	240	[0]	[50]
258	240	[0]	[150]
259	240	[0]	[150]
260	240	[0]	[150]
261	240	[0]	[150]
262	240	[0]	[150]
263	240	[0]	[200]
264	240	[0]	[200]
265	240	[0]	[200]
266	240	[0]	[150]
267	240	[0]	[200]
268	240	[0]	[200]
269	240	[0]	[200]
270	240	[0]	[200]
271	240	[0]	[150]
272	240	[0]	[200]
273	240	[0]	[150]
274	240	[0]	[150]
275	240	[0]	[150]
276	240	[0]	[100]
277	240	[0]	[150]
278	240	[0]	[150]
279	240	[0]	[200]
280	240	[0]	[200]
281	240	[0]	[200]
282	240	[0]	[200]
283	240	[0]	[200]
284	240	[0]	[150]
285	240	[0]	[150]
286	240	[0]	[200]
287	240	[0]	[200]
288	240	[0]	[200]
289	240	[0]	[200]
290	240	[0]	[150]
291	240	[0]	[200]
292	240	[0]	[150]
293	240	[0]	[200]
294	240	[0]	[150]
295	240	[0]	[100]
296	240	[0]	[200]
297	240	[0]	[200]
298	240	[0]	[200]
299	240	[0]	[150]
300	240	[0]	[200]
301	240	[0]	[150]
302	240	[0]	[200]
303	240	[0]	[200]
304	240	[0]	[150]
305	240	[0]	[150]
306	240	[0]	[200]
307	240	[0]	[200]
308	240	[0]	[100]
309	240	[0]	[200]
310	240	[0]	[200]
311	240	[0]	[100]
312	240	[0]	[200]
313	240	[0]	[200]
314	240	[0]	[200]
315	240	[0]	[200]
316	240	[0]	[200]
317	240	[0]	[200]
318	240	[0]	[200]
319	240	[0]	[200]
320	240	[0]	[200]
321	240	[0]	[200]
322	240	[0]	[200]
323	240	[0]	[200]
324	240	[0]	[200]
325	240	[0]	[200]
326	240	[0]	[150]
327	240	[0]	[150]
328	240	[0]	[200]
329	240	[0]	[150]
330	240	[0]	[150]
331	240	[0]	[150]
332	240	[0]	[100]
333	240	[0]	[200]
334	240	[0]	[150]
335	240	[0]	[150]
336	240	[0]	[150]
337	240	[0]	[200]
338	240	[0]	[200]
339	240	[0]	[200]
340	240	[0]	[200]
341	240	[0]	[200]
342	240	[0]	[200]
343	240	[0]	[200]
344	240	[0]	[200]
345	240	[0]	[200]
346	240	[0]	[200]
347	240	[0]	[200]
348	240	[0]	[200]
349	240	[0]	[200]
350	240	[0]	[200]
351	240	[0]	[150]
352	240	[0]	[150]
353	240	[0]	[200]
354	240	[0]	[150]
355	240	[0]	[200]
356	240	[0]	[100]
357	240	[0]	[150]
358	240	[0]	[150]
359	240	[0]	[150]
360	240	[0]	[150]
361	240	[0]	[150]
362	240	[0]	[150]
363	240	[0]	[150]
364	240	[0]	[150]
365	240	[0]	[150]
366	240	[0]	[150]
367	240	[0]	[150]
368	240	[0]	[200]
369	240	[0]	[200]
370	240	[0]	[150]
371	240	[0]	[150]
372	240	[0]	[200]
373	240	[0]	[200]
374	240	[0]	[200]
375	240	[0]	[200]
376	240	[0]	[200]
377	240	[0]	[150]
378	240	[0]	[200]
379	240	[0]	[150]
380	240	[0]	[150]
381	240	[0]	[150]
382	240	[0]	[200]
383	240	[0]	[100]
384	240	[0]	[100]
385	240	[0]	[150]
386	240	[0]	[200]
387	240	[0]	[200]
388	240	[0]	[150]
389	240	[0]	[200]
390	240	[0]	[150]
391	240	[0]	[200]
392	240	[0]	[150]
393	240	[0]	[200]
394	240	[0]	[200]
395	240	[0]	[200]
396	240	[0]	[200]
397	240	[0]	[200]
398	240	[0]	[150]
399	240	[0]	[200]
400	240	[0]	[200]
401	240	[0]	[200]
402	240	[0]	[150]
403	240	[0]	[200]
404	240	[0]	[200]
405	240	[0]	[200]
406	240	[0]	[200]
407	240	[0]	[200]
408	240	[0]	[200]
409	240	[0]	[200]
410	240	[0]	[150]
411	240	[0]	[150]
412	240	[0]	[200]
413	240	[0]	[200]
414	240	[0]	[200]
415	240	[0]	[200]
416	240	[0]	[150]
417	240	[0]	[200]
418	240	[0]	[150]
419	240	[0]	[200]
420	240	[0]	[150]
421	240	[0]	[200]
422	240	[0]	[200]
423	240	[0]	[150]
424	240	[0]	[150]
425	240	[0]	[150]
426	240	[0]	[150]
427	240	[0]	[200]
428	240	[0]	[200]
429	240	[0]	[150]
430	240	[0]	[200]
431	240	[0]	[150]
432	240	[0]	[150]
433	240	[0]	[150]
434	240	[0]	[150]
435	240	[0]	[200]
436	240	[0]	[150]
437	240	[0]	[200]
438	240	[0]	[200]
439	240	[0]	[150]
440	240	[0]	[200]
441	240	[0]	[200]
442	240	[0]	[200]
443	240	[0]	[200]
444	240	[0]	[150]
445	240	[0]	[200]
446	240	[0]	[200]
447	240	[0]	[200]
448	240	[0]	[200]
449	240	[0]	[200]
450	240	[0]	[200]
451	240	[0]	[200]
452	240	[0]	[200]
453	240	[0]	[200]
454	240	[0]	[200]
455	240	[0]	[200]
456	240	[0]	[200]
457	240	[0]	[150]
458	240	[0]	[200]
459	240	[0]	[200]
460	240	[0]	[200]
461	240	[0]	[150]
462	240	[0]	[200]
463	240	[0]	[200]
464	240	[0]	[200]
465	240	[0]	[200]
466	240	[0]	[200]
467	240	[0]	[200]
468	240	[0]	[200]
469	240	[0]	[200]
470	240	[0]	[150]
471	240	[0]	[150]
472	240	[0]	[100]
473	240	[0]	[200]
474	240	[0]	[200]
475	240	[0]	[200]
476	240	[0]	[200]
477	240	[0]	[200]
478	240	[0]	[200]
479	240	[0]	[200]
480	240	[0]	[150]
481	240	[0]	[200]
482	240	[0]	[100]
483	240	[0]	[200]
484	240	[0]	[150]
485	240	[0]	[150]
486	240	[0]	[150]
487	240	[0]	[150]
488	240	[0]	[150]
489	240	[0]	[150]
490	240	[0]	[150]
491	240	[0]	[150]
492	240	[0]	[200]
493	240	[0]	[150]
494	240	[0]	[150]
495	240	[0]	[150]
496	240	[0]	[150]
497	240	[0]	[150]
498	240	[0]	[150]
499	240	[0]	[150]
500	240	[0]	[200]
501	240	[0]	[150]
502	240	[0]	[150]
503	240	[0]	[150]
504	240	[0]	[200]
505	240	[0]	[150]
506	240	[0]	[200]
507	240	[0]	[200]
508	240	[0]	[150]
509	240	[0]	[150]
510	240	[0]	[200]
511	240	[0]	[150]
512	240	[0]	[200]
513	240	[0]	[200]
514	240	[0]	[150]
515	240	[0]	[200]
516	240	[0]	[200]
517	240	[0]	[200]
518	240	[0]	[150]
519	240	[0]	[150]
520	240	[0]	[150]
521	240	[0]	[200]
522	240	[0]	[150]
523	240	[0]	[200]
524	240	[0]	[150]
525	240	[0]	[150]
526	240	[0]	[150]
527	240	[0]	[150]
528	240	[0]	[150]
529	240	[0]	[150]
530	240	[0]	[200]
531	240	[0]	[150]
532	240	[0]	[150]
533	240	[0]	[150]
534	240	[0]	[200]
535	240	[0]	[200]
536	240	[0]	[200]
537	240	[0]	[150]
538	240	[0]	[150]
539	240	[0]	[200]
540	240	[0]	[150]
541	240	[0]	[200]
542	240	[0]	[200]
543	240	[0]	[200]
544	240	[0]	[200]
545	240	[0]	[200]
546	240	[0]	[200]
547	240	[0]	[200]
548	240	[0]	[150]
549	240	[0]	[200]
550	240	[0]	[200]
551	240	[0]	[200]
552	240	[0]	[200]
553	240	[0]	[150]
554	240	[0]	[200]
555	240	[0]	[150]
556	240	[0]	[150]
557	240	[0]	[200]
558	240	[0]	[150]
559	240	[0]	[200]
560	240	[0]	[150]
561	240	[0]	[150]
562	240	[0]	[150]
563	240	[0]	[150]
564	240	[0]	[100]
565	240	[0]	[150]
566	240	[0]	[150]
567	240	[0]	[150]
568	240	[0]	[150]
569	240	[0]	[200]
570	240	[0]	[150]
571	240	[0]	[200]
572	240	[0]	[150]
573	240	[0]	[100]
574	240	[0]	[200]
575	240	[0]	[200]
576	240	[0]	[200]
577	240	[0]	[200]
578	240	[0]	[200]
579	240	[0]	[200]
580	240	[0]	[200]
581	240	[0]	[200]
582	240	[0]	[200]
583	240	[0]	[200]
584	240	[0]	[200]
585	240	[0]	[200]
586	240	[0]	[200]
587	240	[0]	[200]
588	240	[0]	[200]
589	240	[0]	[200]
590	240	[0]	[200]
591	240	[0]	[200]
592	240	[0]	[200]
593	240	[0]	[200]
594	240	[0]	[200]
595	240	[0]	[200]
596	240	[0]	[200]
597	240	[0]	[200]
598	240	[0]	[200]
599	240	[0]	[100]
600	240	[0]	[200]
601	240	[0]	[200]
602	240	[0]	[200]
603	240	[0]	[200]
604	240	[0]	[200]
605	240	[0]	[200]
606	240	[0]	[200]
607	240	[0]	[200]
608	240	[0]	[200]
609	240	[0]	[150]
610	240	[0]	[150]
611	240	[0]	[150]
612	240	[0]	[150]
613	240	[0]	[150]
614	240	[0]	[150]
615	240	[0]	[200]
616	240	[0]	[200]
617	240	[0]	[200]
618	240	[0]	[200]
619	240	[0]	[200]
620	240	[0]	[200]
621	240	[0]	[200]
622	240	[0]	[150]
623	240	[0]	[150]
624	240	[0]	[150]
625	240	[0]	[150]
626	240	[0]	[150]
627	240	[0]	[150]
628	240	[0]	[150]
629	240	[0]	[200]
630	240	[0]	[200]
631	240	[0]	[150]
632	240	[0]	[150]
633	240	[0]	[150]
634	240	[0]	[200]
635	240	[0]	[150]
636	240	[0]	[150]
637	240	[0]	[200]
638	240	[0]	[200]
639	240	[0]	[150]
640	240	[0]	[150]
641	240	[0]	[200]
642	240	[0]	[200]
643	240	[0]	[150]
644	240	[0]	[200]
645	240	[0]	[150]
646	240	[0]	[200]
647	240	[0]	[200]
648	240	[0]	[200]
649	240	[0]	[150]
650	240	[0]	[100]
651	240	[0]	[200]
652	240	[0]	[200]
653	240	[0]	[200]
654	240	[0]	[200]
655	240	[0]	[150]
656	240	[0]	[150]
657	240	[0]	[150]
658	240	[0]	[50]
659	240	[0]	[150]
660	240	[0]	[200]
661	240	[0]	[150]
662	240	[0]	[200]
663	240	[0]	[150]
664	240	[0]	[150]
665	240	[0]	[150]
666	240	[0]	[200]
667	240	[0]	[150]
668	240	[0]	[150]
669	240	[0]	[200]
670	240	[0]	[200]
671	240	[0]	[200]
672	240	[0]	[200]
673	240	[0]	[100]
674	240	[0]	[150]
675	240	[0]	[150]
676	240	[0]	[150]
677	240	[0]	[200]
678	240	[0]	[200]
679	240	[0]	[150]
680	240	[0]	[200]
681	240	[0]	[200]
682	240	[0]	[200]
683	240	[0]	[200]
684	240	[0]	[50]
685	240	[0]	[100]
686	240	[0]	[200]
687	240	[0]	[200]
688	240	[0]	[200]
689	240	[0]	[200]
690	240	[0]	[150]
691	240	[0]	[200]
692	240	[0]	[200]
693	240	[0]	[200]
694	240	[0]	[200]
695	240	[0]	[200]
696	240	[0]	[200]
697	240	[0]	[150]
698	240	[0]	[150]
699	240	[0]	[200]
700	240	[0]	[200]
701	240	[0]	[200]
702	240	[0]	[200]
703	240	[0]	[150]
704	240	[0]	[150]
705	240	[0]	[200]
706	240	[0]	[200]
707	240	[0]	[200]
708	240	[0]	[200]
709	240	[0]	[200]
710	240	[0]	[200]
711	240	[0]	[150]
712	240	[0]	[200]
713	240	[0]	[200]
714	240	[0]	[200]
715	240	[0]	[200]
716	240	[0]	[200]
717	240	[0]	[200]
718	240	[0]	[150]
719	240	[0]	[150]
720	240	[0]	[200]
721	240	[0]	[200]
722	240	[0]	[200]
723	240	[0]	[150]
724	240	[0]	[200]
725	240	[0]	[200]
726	240	[0]	[150]
727	240	[0]	[150]
728	240	[0]	[150]
729	240	[0]	[200]
730	240	[0]	[150]
731	240	[0]	[150]
732	240	[0]	[150]
733	240	[0]	[150]
734	240	[0]	[150]
735	240	[0]	[150]
736	240	[0]	[200]
737	240	[0]	[0]
738	240	[0]	[150]
739	240	[0]	[200]
740	240	[0]	[200]
741	240	[0]	[150]
742	240	[0]	[200]
743	240	[0]	[200]
744	240	[0]	[150]
745	240	[0]	[200]
746	240	[0]	[200]
747	240	[0]	[150]
748	240	[0]	[200]
749	240	[0]	[200]
750	240	[0]	[200]
751	240	[0]	[150]
752	240	[0]	[200]
753	240	[0]	[150]
754	240	[0]	[150]
755	240	[0]	[150]
756	240	[0]	[200]
757	240	[0]	[200]
758	240	[0]	[200]
759	240	[0]	[150]
760	240	[0]	[200]
761	240	[0]	[150]
762	240	[0]	[200]
763	240	[0]	[200]
764	240	[0]	[150]
765	240	[0]	[200]
766	240	[0]	[200]
767	240	[0]	[200]
768	240	[0]	[200]
769	240	[0]	[200]
770	240	[0]	[200]
771	240	[0]	[150]
772	240	[0]	[200]
773	240	[0]	[200]
774	240	[0]	[200]
775	240	[0]	[200]
776	240	[0]	[200]
777	240	[0]	[150]
778	240	[0]	[200]
779	240	[0]	[200]
780	240	[0]	[200]
781	240	[0]	[200]
782	240	[0]	[200]
783	240	[0]	[200]
784	240	[0]	[200]
785	240	[0]	[200]
786	240	[0]	[150]
787	240	[0]	[200]
788	240	[0]	[150]
789	240	[0]	[150]
790	240	[0]	[150]
791	240	[0]	[200]
792	240	[0]	[150]
793	240	[0]	[150]
794	240	[0]	[150]
795	240	[0]	[100]
796	240	[0]	[200]
797	240	[0]	[200]
798	240	[0]	[200]
799	240	[0]	[200]
800	240	[0]	[150]
801	240	[0]	[150]
802	240	[0]	[200]
803	240	[0]	[150]
804	240	[0]	[200]
805	240	[0]	[150]
806	240	[0]	[150]
807	240	[0]	[150]
808	240	[0]	[150]
809	240	[0]	[150]
810	240	[0]	[200]
811	240	[0]	[150]
812	240	[0]	[150]
813	240	[0]	[150]
814	240	[0]	[150]
815	240	[0]	[150]
816	240	[0]	[150]
817	240	[0]	[200]
818	240	[0]	[200]
819	240	[0]	[150]
820	240	[0]	[150]
821	240	[0]	[150]
822	240	[0]	[200]
823	240	[0]	[200]
824	240	[0]	[200]
825	240	[0]	[150]
826	240	[0]	[150]
827	240	[0]	[150]
828	240	[0]	[150]
829	240	[0]	[100]
830	240	[0]	[150]
831	240	[0]	[200]
832	240	[0]	[150]
833	240	[0]	[200]
834	240	[0]	[150]
835	240	[0]	[200]
836	240	[0]	[200]
837	240	[0]	[150]
838	240	[0]	[200]
839	240	[0]	[200]
840	240	[0]	[200]
841	240	[0]	[200]
842	240	[0]	[200]
843	240	[0]	[150]
844	240	[0]	[200]
845	240	[0]	[200]
846	240	[0]	[200]
847	240	[0]	[200]
848	240	[0]	[150]
849	240	[0]	[200]
850	240	[0]	[150]
851	240	[0]	[200]
852	240	[0]	[200]
853	240	[0]	[200]
854	240	[0]	[200]
855	240	[0]	[200]
856	240	[0]	[150]
857	240	[0]	[200]
858	240	[0]	[200]
859	240	[0]	[200]
860	240	[0]	[200]
861	240	[0]	[100]
862	240	[0]	[150]
863	240	[0]	[150]
864	240	[0]	[200]
865	240	[0]	[150]
866	240	[0]	[150]
867	240	[0]	[200]
868	240	[0]	[200]
869	240	[0]	[150]
870	240	[0]	[150]
871	240	[0]	[150]
872	240	[0]	[150]
873	240	[0]	[150]
874	240	[0]	[150]
875	240	[0]	[100]
876	240	[0]	[150]
877	240	[0]	[200]
878	240	[0]	[200]
879	240	[0]	[200]
880	240	[0]	[200]
881	240	[0]	[200]
882	240	[0]	[200]
883	240	[0]	[150]
884	240	[0]	[150]
885	240	[0]	[200]
886	240	[0]	[200]
887	240	[0]	[150]
888	240	[0]	[200]
889	240	[0]	[200]
890	240	[0]	[200]
891	240	[0]	[200]
892	240	[0]	[150]
893	240	[0]	[200]
894	240	[0]	[200]
895	240	[0]	[200]
896	240	[0]	[200]
897	240	[0]	[200]
898	240	[0]	[150]
899	240	[0]	[150]
900	240	[0]	[200]
901	240	[0]	[200]
902	240	[0]	[150]
903	240	[0]	[200]
904	240	[0]	[200]
905	240	[0]	[150]
906	240	[0]	[200]
907	240	[0]	[100]
908	240	[0]	[200]
909	240	[0]	[200]
910	240	[0]	[200]
911	240	[0]	[200]
912	240	[0]	[200]
913	240	[0]	[150]
914	240	[0]	[200]
915	240	[0]	[150]
916	240	[0]	[150]
917	240	[0]	[150]
918	240	[0]	[150]
919	240	[0]	[150]
920	240	[0]	[150]
921	240	[0]	[200]
922	240	[0]	[150]
923	240	[0]	[150]
924	240	[0]	[150]
925	240	[0]	[200]
926	240	[0]	[200]
927	240	[0]	[150]
928	240	[0]	[150]
929	240	[0]	[200]
930	240	[0]	[200]
931	240	[0]	[200]
932	240	[0]	[200]
933	240	[0]	[150]
934	240	[0]	[200]
935	240	[0]	[200]
936	240	[0]	[150]
937	240	[0]	[150]
938	240	[0]	[200]
939	240	[0]	[200]
940	240	[0]	[200]
941	240	[0]	[200]
942	240	[0]	[150]
943	240	[0]	[150]
944	240	[0]	[200]
945	240	[0]	[200]
946	240	[0]	[150]
947	240	[0]	[200]
948	240	[0]	[200]
949	240	[0]	[200]
950	240	[0]	[200]
951	240	[0]	[200]
952	240	[0]	[200]
953	240	[0]	[200]
954	240	[0]	[150]
955	240	[0]	[200]
956	240	[0]	[200]
957	240	[0]	[200]
958	240	[0]	[200]
959	240	[0]	[150]
960	240	[0]	[200]
961	240	[0]	[200]
962	240	[0]	[150]
963	240	[0]	[200]
964	240	[0]	[150]
965	240	[0]	[150]
966	240	[0]	[200]
967	240	[0]	[200]
968	240	[0]	[200]
969	240	[0]	[150]
970	240	[0]	[200]
971	240	[0]	[200]
972	240	[0]	[150]
973	240	[0]	[150]
974	240	[0]	[150]
975	240	[0]	[150]
976	240	[0]	[100]
977	240	[0]	[100]
978	240	[0]	[150]
979	240	[0]	[150]
980	240	[0]	[200]
981	240	[0]	[150]
982	240	[0]	[150]
983	240	[0]	[200]
984	240	[0]	[200]
985	240	[0]	[200]
986	240	[0]	[200]
987	240	[0]	[200]
988	240	[0]	[200]
989	240	[0]	[150]
990	240	[0]	[150]
991	240	[0]	[200]
992	240	[0]	[200]
993	240	[0]	[200]
994	240	[0]	[150]
995	240	[0]	[150]
996	240	[0]	[150]
997	240	[0]	[150]
998	240	[0]	[200]
999	240	[0]	[200]
1000	240	[0]	[150]
1	240	[0]	[100]
2	240	[0]	[100]
1	242	[0]	[100]
1	243	[0]	[0]
2	241	[0]	[0]
3	241	[0]	[0]
1	243	[0]	[0]
2	242	[0]	[0]
3	242	[0]	[0]
4	243	[0]	[25]
5	243	[0]	[0]
6	242	[0]	[0]
7	242	[0]	[25]
8	242	[0]	[0]
9	241	[0]	[0]
1	1000	[0]	[150]
1	1000	[0]	[150]
1	1000	[0]	[150]
