Win	[190]	180	-168
Loss	[140]	180	-180
Win	[220]	180	-177
Win	[170]	180	-153
Win	[160]	180	-165
Loss	[210]	177	-180
Win	[150]	180	-156
Loss	[140]	180	-180
Loss	[120]	180	-180
Loss	[140]	180	-180
Loss	[220]	177	-180
Loss	[120]	180	-180
Loss	[190]	180	-180
Loss	[120]	180	-180
Win	[130]	180	-174
Win	[120]	180	-171
Loss	[180]	180	-180
Loss	[160]	180	-180
Win	[120]	180	-174
Loss	[150]	180	-180
Win	[130]	180	-177
Win	[140]	180	-177
Loss	[120]	180	-180
Loss	[180]	180	-180
Loss	[130]	180	-180
Loss	[110]	180	-180
Win	[160]	180	-153
Win	[130]	180	-153
Win	[110]	180	-168
Loss	[120]	180	-180
Win	[130]	180	-159
Win	[140]	180	-177
Loss	[150]	180	-180
Win	[120]	180	-171
Win	[140]	180	-144
Win	[130]	180	-171
Win	[230]	180	-168
Win	[130]	180	-171
Win	[160]	180	-171
Loss	[150]	180	-180
Loss	[120]	180	-180
Win	[110]	180	-168
Win	[120]	180	-174
Loss	[150]	180	-180
Loss	[120]	180	-180
Loss	[150]	180	-180
Loss	[120]	180	-180
Win	[120]	180	-168
Loss	[220]	177	-180
Loss	[160]	180	-180
Win	[150]	180	-156
Loss	[170]	180	-180
Loss	[120]	180	-180
Win	[140]	180	-177
Loss	[140]	180	-180
Loss	[140]	180	-180
Win	[160]	180	-174
Loss	[110]	180	-180
Win	[150]	180	-141
Loss	[110]	180	-180
Loss	[180]	180	-180
Win	[120]	180	-171
Loss	[140]	180	-180
Win	[150]	180	-168
Loss	[240]	165	-180
Loss	[130]	180	-180
Loss	[110]	180	-180
Win	[120]	180	-171
Loss	[110]	180	-180
Win	[180]	180	-162
Win	[130]	180	-135
Win	[140]	180	-147
Win	[130]	180	-141
Loss	[170]	180	-180
Win	[140]	180	-177
Win	[130]	180	-135
Loss	[130]	180	-180
Loss	[120]	180	-180
Loss	[160]	180	-180
Loss	[150]	180	-180
Win	[110]	180	-168
Win	[130]	180	-147
Win	[110]	180	-168
Loss	[120]	180	-180
Win	[130]	180	-141
Loss	[140]	180	-180
Loss	[150]	180	-180
Win	[140]	180	-174
Win	[130]	180	-135
Loss	[110]	180	-180
Win	[230]	180	-171
Win	[120]	180	-165
Loss	[130]	180	-180
Win	[120]	180	-171
Loss	[120]	180	-180
Loss	[120]	180	-180
Win	[150]	180	-162
Win	[130]	180	-174
Win	[110]	180	-168
Win	[130]	180	-174
Win	[130]	180	-174
Win	[120]	180	-171
Loss	[120]	180	-180
Win	[140]	180	-168
Win	[120]	180	-174
Win	[130]	180	-174
Win	[130]	180	-153
Loss	[130]	180	-180
Loss	[110]	180	-180
Loss	[120]	180	-180
Loss	[240]	177	-180
Loss	[180]	180	-180
Loss	[110]	180	-180
Win	[130]	180	-171
Win	[130]	180	-153
Win	[130]	180	-174
Dogfall	250	177	-177
Loss	[120]	180	-180
Loss	[180]	180	-180
Loss	[190]	180	-180
Win	[210]	180	-177
Win	[140]	180	-129
Win	[200]	180	-177
Win	[130]	180	-168
Win	[130]	180	-174
Loss	[180]	180	-180
Loss	[170]	180	-180
Win	[180]	180	-165
Win	[110]	180	-168
Win	[160]	180	-177
Win	[140]	180	-174
Loss	[130]	180	-180
Win	[110]	180	-168
Win	[130]	180	-159
Loss	[140]	180	-180
Loss	[150]	180	-180
Win	[130]	180	-159
Loss	[160]	180	-180
Loss	[150]	180	-180
Loss	[130]	180	-180
Win	[130]	180	-156
Loss	[130]	180	-180
Win	[160]	180	-174
Win	[130]	180	-174
Win	[110]	180	-168
Loss	[190]	180	-180
Win	[130]	180	-162
Win	[110]	180	-168
Win	[120]	180	-174
Win	[130]	180	-171
Win	[220]	180	-171
Win	[130]	180	-174
Loss	[150]	180	-180
Loss	[160]	180	-180
Loss	[120]	180	-180
Win	[120]	180	-174
Loss	[130]	180	-180
Win	[140]	180	-135
Win	[140]	180	-177
Win	[160]	180	-177
Win	[120]	180	-174
Loss	[120]	180	-180
Win	[150]	180	-177
Win	[150]	180	-165
Win	[120]	180	-147
Loss	[120]	180	-180
Loss	[130]	180	-180
Loss	[120]	180	-180
Win	[120]	180	-174
Win	[120]	180	-171
Loss	[150]	180	-180
Win	[120]	180	-174
Loss	[140]	180	-180
Loss	[160]	180	-180
Loss	[110]	180	-180
Win	[120]	180	-174
Win	[130]	180	-177
Loss	[150]	180	-180
Win	[110]	180	-168
Win	[140]	180	-162
Win	[220]	180	-171
Win	[110]	180	-168
Loss	[170]	180	-180
Win	[140]	180	-150
Loss	[120]	180	-180
Loss	[130]	180	-180
Loss	[140]	180	-180
Win	[120]	180	-147
Loss	[130]	180	-180
Win	[140]	180	-174
Loss	[110]	180	-180
Win	[140]	180	-177
Win	[120]	180	-174
Loss	[140]	180	-180
Win	[120]	180	-174
Win	[160]	180	-150
Loss	[130]	180	-180
Win	[140]	180	-177
Loss	[140]	180	-180
Win	[170]	180	-177
Win	[110]	180	-168
Win	[240]	180	-177
Win	[120]	180	-135
Win	[120]	180	-171
Loss	[120]	180	-180
Win	[130]	180	-171
Loss	[150]	180	-180
Win	[120]	180	-162
Loss	[120]	180	-180
Loss	[160]	180	-180
Win	[130]	180	-156
Win	[130]	180	-174
Win	[140]	180	-177
Win	[180]	180	-168
Loss	[130]	180	-180
Loss	[130]	180	-180
Win	[160]	180	-168
Win	[120]	180	-159
Loss	[160]	180	-180
Loss	[130]	180	-180
Win	[130]	180	-177
Win	[120]	180	-171
Win	[160]	180	-177
Win	[120]	180	-171
Win	[130]	180	-141
Win	[120]	180	-171
Win	[120]	180	-174
Win	[120]	180	-174
Loss	[130]	180	-180
Loss	[160]	180	-180
Loss	[200]	180	-180
Win	[130]	180	-162
Win	[130]	180	-174
Loss	[110]	180	-180
Loss	[130]	180	-180
Win	[150]	180	-177
Loss	[160]	180	-180
Loss	[170]	180	-180
Win	[140]	180	-165
Win	[140]	180	-135
Loss	[130]	180	-180
Win	[120]	180	-147
Loss	[160]	180	-180
Win	[110]	180	-168
Win	[130]	180	-162
Loss	[130]	180	-180
Win	[160]	180	-162
Win	[130]	180	-159
Win	[120]	180	-171
Win	[140]	180	-174
Win	[120]	180	-135
Win	[120]	180	-135
Loss	[150]	180	-180
Loss	[120]	180	-180
Loss	[180]	180	-180
Win	[120]	180	-171
Win	[170]	180	-156
Win	[110]	180	-168
Win	[110]	180	-168
Win	[130]	180	-171
Loss	[190]	180	-180
Win	[120]	180	-135
Loss	[190]	180	-180
Win	[120]	180	-171
Win	[120]	180	-171
Win	[120]	180	-171
Win	[120]	180	-147
Loss	[130]	180	-180
Loss	[120]	180	-180
Loss	[150]	180	-180
Win	[120]	180	-171
Win	[130]	180	-162
Loss	[190]	180	-180
Win	[130]	180	-162
Win	[190]	180	-177
Win	[160]	180	-171
Loss	[130]	180	-180
Loss	[140]	180	-180
Loss	[150]	180	-180
Win	[130]	180	-144
Win	[120]	180	-174
Loss	250	177	-180
Win	[130]	180	-159
Win	[130]	180	-177
Loss	[120]	180	-180
Loss	[130]	180	-180
Loss	[140]	180	-180
Loss	[160]	180	-180
Loss	[140]	180	-180
Win	[140]	180	-156
Win	[130]	180	-177
Loss	[130]	180	-180
Loss	[140]	180	-180
Loss	[120]	180	-180
Win	[110]	180	-168
Win	[130]	180	-147
Loss	[120]	180	-180
Loss	[120]	180	-180
Win	[110]	180	-168
Win	[130]	180	-147
Win	[110]	180	-168
Win	[120]	180	-171
Win	[160]	180	-165
Win	[160]	180	-171
Loss	[120]	180	-180
Win	[120]	180	-174
Win	[130]	180	-156
Loss	[170]	180	-180
Loss	[130]	180	-180
Win	[130]	180	-147
Loss	[140]	180	-180
Win	[130]	180	-177
Loss	[120]	180	-180
Win	[130]	180	-132
Loss	[120]	180	-180
Win	[140]	180	-174
Win	[150]	180	-159
Win	[120]	180	-141
Loss	[140]	180	-180
Win	[130]	180	-174
Win	[120]	180	-171
Win	[130]	180	-174
Win	[130]	180	-168
Loss	[130]	180	-180
Loss	[130]	180	-180
Win	[120]	180	-135
Loss	[120]	180	-180
Win	[110]	180	-168
Win	[130]	180	-174
Win	[120]	180	-171
Win	[190]	180	-171
Win	[130]	180	-159
Loss	[130]	180	-180
Win	[120]	180	-135
Win	[140]	180	-177
Win	[120]	180	-171
Loss	[160]	180	-180
Loss	[130]	180	-180
Win	[170]	180	-171
Win	[110]	180	-168
Win	[120]	180	-174
Win	[130]	180	-174
Loss	[130]	180	-180
Loss	[230]	171	-180
Loss	[140]	180	-180
Loss	[110]	180	-180
Win	[120]	180	-171
Loss	[130]	180	-180
Win	[130]	180	-162
Win	[140]	180	-171
Win	[130]	180	-177
Loss	250	177	-180
Win	[160]	180	-171
Loss	[130]	180	-180
Loss	[140]	180	-180
Win	[180]	180	-165
Loss	[130]	180	-180
Win	[130]	180	-174
Win	[120]	180	-141
Win	[130]	180	-162
Win	[110]	180	-168
Loss	[110]	180	-180
Loss	[140]	180	-180
Win	[200]	180	-159
Win	[140]	180	-150
Win	[130]	180	-153
Win	[110]	180	-168
Win	[130]	180	-159
Win	[110]	180	-168
Win	[130]	180	-138
Win	[120]	180	-171
Win	[110]	180	-168
Loss	[120]	180	-180
Loss	[230]	177	-180
Win	[120]	180	-171
Win	[110]	180	-168
Loss	[190]	180	-180
Win	[120]	180	-174
Loss	[210]	165	-180
Win	[120]	180	-171
Win	[130]	180	-174
Win	[120]	180	-171
Win	[140]	180	-150
Loss	[140]	180	-180
Win	[140]	180	-177
Win	[220]	180	-171
Dogfall	250	120	-177
Loss	[130]	180	-180
Win	[130]	180	-174
Win	[130]	180	-177
Loss	[140]	180	-180
Win	[120]	180	-174
Win	[140]	180	-171
Win	[150]	180	-177
Win	[140]	180	-177
Loss	[190]	180	-180
Win	[120]	180	-171
Win	[130]	180	-165
Win	[130]	180	-162
Loss	[210]	180	-180
Win	[170]	180	-177
Win	[180]	180	-171
Win	[140]	180	-177
Win	[120]	180	-174
Loss	[140]	180	-180
Loss	[190]	180	-180
Win	[130]	180	-153
Loss	[140]	180	-180
Win	[150]	180	-141
Win	[120]	180	-171
Win	[130]	180	-174
Loss	[140]	180	-180
Win	[110]	180	-168
Win	[130]	180	-177
Win	[110]	180	-168
Win	[120]	180	-174
Win	[140]	180	-177
Win	[110]	180	-168
Win	[130]	180	-177
Loss	[180]	180	-180
Loss	[140]	180	-180
Win	[130]	180	-177
Win	[130]	180	-168
Win	[130]	180	-171
Win	[120]	180	-171
Win	[130]	180	-159
Win	[120]	180	-171
Win	[130]	180	-177
Win	[120]	180	-171
Win	[120]	180	-171
Win	[110]	180	-141
Win	[140]	180	-177
Loss	[170]	180	-180
Win	[130]	180	-159
Win	[120]	180	-174
Win	[110]	180	-168
Win	[120]	180	-141
Win	[120]	180	-135
Win	[210]	180	-159
Loss	[140]	180	-180
Win	[130]	180	-141
Win	[120]	180	-174
Win	[120]	180	-159
Win	[120]	180	-171
Loss	[120]	180	-180
Loss	[140]	180	-180
Win	[130]	180	-177
Win	[130]	180	-159
Win	[140]	180	-177
Loss	[110]	180	-180
Loss	[120]	180	-180
Win	[140]	180	-138
Win	[110]	180	-168
Win	[120]	180	-171
Win	[130]	180	-153
Win	[110]	180	-168
Loss	[130]	180	-180
Loss	[120]	180	-180
Win	[130]	180	-174
Win	[130]	180	-150
Win	[130]	180	-159
Win	[130]	180	-174
Win	[130]	180	-168
Win	[110]	180	-168
Loss	[120]	180	-180
Loss	[140]	180	-180
Win	[130]	180	-174
Loss	[150]	180	-180
Win	[130]	180	-153
Win	[130]	180	-174
Loss	[120]	180	-180
Win	[130]	180	-174
Win	[120]	180	-171
Win	[120]	180	-171
Win	[130]	180	-159
Win	[120]	180	-171
Win	[130]	180	-156
Win	[170]	180	-156
Win	[130]	180	-147
Loss	[130]	180	-180
Win	[120]	180	-141
Win	[160]	180	-162
Win	[130]	180	-174
Loss	[120]	180	-180
Win	[120]	180	-171
Loss	[130]	180	-180
Win	[110]	180	-168
Win	[130]	180	-177
Win	[110]	180	-168
Win	[130]	180	-177
Win	[120]	180	-171
Win	[120]	180	-171
Loss	[240]	177	-180
Win	[120]	180	-171
Loss	[130]	180	-180
Loss	[120]	180	-180
Loss	[110]	180	-180
Loss	[130]	180	-180
Win	[190]	180	-177
Win	[110]	180	-168
