0.00 0.00 0.00 0.00 0.00 0.00 0.00 0.00 0.00 0.00 0.00 0.00 0.00 0.00 0.00 0.00 0.00 0.00 0.00
0.00 0.00 0.00 0.00 0.00 0.00 0.00 0.00 0.00 0.00 0.00 0.00 0.00 0.00 0.00 0.00 0.00 0.00 0.00
0.00 0.00 0.00 0.00 0.00 0.00 0.00 0.00 -1.00 -1.00 -1.00 -1.00 -1.00 -1.00 -1.00 0.00 0.00 0.00 0.00
0.00 0.00 25.00 25.00 0.00 0.00 0.00 0.00 -1.00 -5.00 -5.00 -5.00 -5.00 -5.00 -1.00 0.00 0.00 0.00 0.00
0.00 0.00 0.00 0.00 0.00 0.00 0.00 0.00 -1.00 -5.00 -15.00 -15.00 -15.00 -6.00 -2.00 -1.00 -1.00 0.00 0.00
0.00 0.00 0.00 0.00 0.00 0.00 0.00 0.00 -1.00 -5.00 -15.00 -21.00 -19.00 -10.00 -6.00 -5.00 -1.00 0.00 0.00
0.00 0.00 0.00 0.00 0.00 0.00 0.00 0.00 -1.00 -5.00 -16.00 -20.00 -29.00 -20.00 -16.00 -6.00 -2.00 0.00 0.00
0.00 0.00 0.00 0.00 0.00 0.00 0.00 0.00 -1.00 -5.00 -7.00 -15.00 -24.00 -26.00 -20.00 -10.00 -2.00 0.00 0.00
0.00 0.00 0.00 0.00 0.00 0.00 0.00 0.00 -1.00 -1.00 -3.00 -11.00 -29.00 -29.00 -29.00 -10.00 -2.00 0.00 0.00
0.00 0.00 0.00 0.00 0.00 0.00 0.00 0.00 0.00 0.00 -2.00 -10.00 -19.00 -21.00 -19.00 -10.00 -2.00 0.00 0.00
0.00 0.00 0.00 25.00 25.00 0.00 0.00 0.00 0.00 0.00 -2.00 -6.00 -15.00 -15.00 -15.00 -6.00 -2.00 0.00 0.00
0.00 0.00 0.00 0.00 0.00 0.00 0.00 0.00 0.00 0.00 -1.00 -5.00 -5.00 -5.00 -5.00 -5.00 -1.00 0.00 0.00
0.00 0.00 0.00 0.00 0.00 0.00 0.00 0.00 0.00 0.00 -1.00 -1.00 -1.00 -1.00 -1.00 -1.00 -1.00 0.00 0.00
0.00 0.00 0.00 0.00 0.00 0.00 0.00 0.00 0.00 0.00 0.00 0.00 0.00 0.00 0.00 0.00 0.00 0.00 0.00
0.00 0.00 0.00 0.00 0.00 0.00 0.00 0.00 0.00 0.00 0.00 0.00 0.00 0.00 0.00 0.00 0.00 0.00 0.00
