0.00 0.00 0.00 0.00 0.00 0.00 0.00 0.00 0.00 0.00 0.00 0.00
0.00 0.00 0.00 0.00 0.00 0.00 0.00 0.00 0.00 0.00 0.00 0.00
0.00 0.00 -2.00 -3.00 -3.00 -3.00 -3.00 -3.00 -3.00 -1.00 0.00 0.00
0.00 0.00 -2.00 -11.00 10.00 -15.00 -15.00 -15.00 -7.00 -1.00 0.00 0.00
0.00 0.00 -2.00 -11.00 -8.00 -42.00 -42.00 -24.00 -7.00 -1.00 0.00 0.00
0.00 0.00 -2.00 -11.00 -33.00 -46.00 -44.00 -24.00 -7.00 -1.00 0.00 0.00
0.00 0.00 -2.00 -11.00 -33.00 8.00 -42.00 -24.00 -7.00 -1.00 0.00 0.00
0.00 0.00 -2.00 -11.00 -15.00 -15.00 -15.00 -15.00 -7.00 -1.00 0.00 0.00
0.00 0.00 -2.00 -3.00 -3.00 -3.00 -3.00 -3.00 -3.00 -1.00 0.00 0.00
0.00 0.00 0.00 0.00 0.00 0.00 0.00 0.00 0.00 0.00 0.00 0.00
0.00 0.00 0.00 0.00 0.00 0.00 0.00 0.00 0.00 0.00 0.00 0.00
