0.00 0.00 0.00 0.00 0.00 0.00 0.00 0.00 0.00 0.00 0.00 0.00
0.00 0.00 0.00 0.00 0.00 0.00 0.00 0.00 0.00 0.00 0.00 0.00
0.00 0.00 -1.00 -1.00 -1.00 -1.00 -1.00 -1.00 -1.00 0.00 0.00 0.00
0.00 0.00 -1.00 -5.00 -5.00 -5.00 -5.00 -5.00 -1.00 0.00 0.00 0.00
0.00 0.00 -1.00 -5.00 -14.00 -14.00 -14.00 -5.00 -1.00 0.00 0.00 0.00
0.00 0.00 -1.00 -6.00 35.00 -17.00 -15.00 -6.00 -2.00 -1.00 0.00 0.00
0.00 0.00 -1.00 -6.00 -19.00 -19.00 -19.00 -10.00 -6.00 -1.00 0.00 0.00
0.00 0.00 -1.00 -6.00 -10.00 -19.00 -19.00 -19.00 -6.00 -1.00 0.00 0.00
0.00 0.00 -1.00 -2.00 19.00 10.00 -17.00 -15.00 -6.00 -1.00 0.00 0.00
0.00 0.00 0.00 -1.00 -5.00 -14.00 -14.00 -14.00 -5.00 -1.00 0.00 0.00
0.00 0.00 0.00 -1.00 -5.00 -5.00 -5.00 -5.00 -5.00 -1.00 0.00 0.00
0.00 0.00 0.00 -1.00 -1.00 -1.00 -1.00 -1.00 -1.00 -1.00 0.00 0.00
0.00 0.00 0.00 0.00 0.00 0.00 0.00 0.00 0.00 0.00 0.00 0.00
0.00 0.00 0.00 0.00 0.00 0.00 0.00 0.00 0.00 0.00 0.00 0.00
