0.00 0.00 0.00 0.00 0.00 0.00 0.00 0.00 0.00 0.00 0.00 0.00 0.00 0.00 0.00 0.00
0.00 0.00 0.00 0.00 0.00 0.00 0.00 0.00 0.00 0.00 0.00 0.00 0.00 0.00 0.00 0.00
0.00 0.00 25.00 25.00 -1.00 -1.00 -1.00 -1.00 -1.00 -1.00 -1.00 0.00 0.00 0.00 0.00 0.00
0.00 0.00 0.00 0.00 -1.00 -5.00 -5.00 -5.00 -5.00 -5.00 -1.00 0.00 0.00 0.00 0.00 0.00
0.00 0.00 0.00 0.00 -1.00 -5.00 -15.00 -16.00 -16.00 -7.00 -3.00 -2.00 -2.00 -1.00 0.00 0.00
0.00 0.00 0.00 0.00 -1.00 -5.00 -15.00 -22.00 -24.00 -15.00 -11.00 -10.00 -6.00 -1.00 0.00 0.00
0.00 0.00 0.00 0.00 -1.00 -5.00 -16.00 -21.00 -34.00 -34.00 -30.00 -20.00 -7.00 -1.00 0.00 0.00
0.00 0.00 0.00 0.00 -1.00 -5.00 -7.00 -16.00 -29.00 -40.00 -36.00 -24.00 -7.00 -1.00 0.00 0.00
0.00 0.00 0.00 0.00 -1.00 -1.00 -3.00 -12.00 -34.00 -43.00 -43.00 -24.00 -7.00 -1.00 0.00 0.00
0.00 0.00 0.00 0.00 0.00 0.00 -2.00 -11.00 -24.00 -26.00 -24.00 -15.00 -7.00 -1.00 0.00 0.00
0.00 0.00 0.00 0.00 25.00 0.00 -2.00 -7.00 -16.00 -16.00 -16.00 -7.00 -3.00 -1.00 0.00 0.00
0.00 0.00 25.00 0.00 0.00 0.00 -1.00 -5.00 -5.00 -5.00 -5.00 -5.00 -1.00 0.00 0.00 0.00
0.00 0.00 0.00 0.00 0.00 0.00 -1.00 -1.00 -1.00 -1.00 -1.00 -1.00 -1.00 0.00 0.00 0.00
0.00 0.00 0.00 0.00 0.00 0.00 0.00 0.00 0.00 0.00 0.00 0.00 0.00 0.00 0.00 0.00
0.00 0.00 0.00 0.00 0.00 0.00 0.00 0.00 0.00 0.00 0.00 0.00 0.00 0.00 0.00 0.00
