0.00 0.00 0.00 0.00 0.00 0.00 0.00 0.00 0.00 0.00 0.00 0.00 0.00 0.00 0.00
0.00 0.00 0.00 0.00 0.00 0.00 0.00 0.00 0.00 0.00 0.00 0.00 0.00 0.00 0.00
0.00 0.00 0.00 -1.00 -1.00 -1.00 -1.00 -1.00 -1.00 -1.00 0.00 0.00 0.00 0.00 0.00
0.00 0.00 0.00 -1.00 -5.00 -5.00 -5.00 -5.00 -5.00 -1.00 0.00 0.00 0.00 0.00 0.00
0.00 0.00 0.00 -1.00 -5.00 -14.00 -15.00 -15.00 -6.00 -2.00 -1.00 -1.00 -1.00 0.00 0.00
0.00 0.00 25.00 24.00 -5.00 -14.00 -17.00 -19.00 -10.00 -6.00 -5.00 -5.00 -1.00 0.00 0.00
0.00 0.00 0.00 -1.00 -6.00 -15.00 -16.00 -20.00 -20.00 -16.00 -15.00 -5.00 -1.00 0.00 0.00
0.00 0.00 0.00 -1.00 -7.00 -11.00 -12.00 -16.00 -25.00 -23.00 -16.00 -5.00 -1.00 0.00 0.00
0.00 0.00 0.00 -1.00 -3.00 -11.00 -21.00 -25.00 -34.00 -25.00 -16.00 -5.00 -1.00 0.00 0.00
0.00 0.00 0.00 25.00 23.00 -10.00 -29.00 -35.00 -33.00 -15.00 -7.00 -5.00 -1.00 0.00 0.00
0.00 0.00 0.00 0.00 -2.00 -10.00 -29.00 -31.00 -29.00 -11.00 -3.00 -1.00 -1.00 0.00 0.00
0.00 0.00 0.00 0.00 -2.00 -10.00 -19.00 -19.00 -19.00 -10.00 -2.00 0.00 0.00 0.00 0.00
0.00 0.00 0.00 0.00 -2.00 -6.00 -6.00 -6.00 -6.00 -6.00 -2.00 0.00 0.00 0.00 0.00
0.00 0.00 0.00 0.00 -1.00 -1.00 -1.00 -1.00 -1.00 -1.00 -1.00 0.00 0.00 0.00 0.00
0.00 0.00 0.00 0.00 0.00 0.00 0.00 0.00 0.00 0.00 0.00 0.00 0.00 0.00 0.00
0.00 0.00 0.00 0.00 0.00 0.00 0.00 0.00 0.00 0.00 0.00 0.00 0.00 0.00 0.00
