Dogfall	300	111	-130
Win	[200]	140	-110
Win	[220]	140	-115
Win	[280]	140	-145
Win	[200]	140	-100
Win	[200]	140	-100
Win	[200]	140	-100
Win	[180]	140	-100
Win	[180]	140	-75
Win	[200]	140	-100
Win	[200]	140	-105
Win	[200]	140	-100
Win	[220]	140	-105
Win	[200]	140	-105
Win	[240]	140	-135
Win	[180]	140	-85
Win	300	140	-120
Win	[220]	140	-50
Win	[220]	140	-45
Win	[220]	140	-40
Win	[180]	140	-20
Win	[280]	140	-120
Dogfall	300	125	-160
Win	[160]	140	-50
Win	[200]	140	-65
Win	[180]	140	-65
Win	[220]	140	-60
Win	[220]	140	-70
Win	[220]	140	-70
Win	[180]	140	-30
Win	[180]	140	-30
Win	[200]	140	-50
Win	[180]	140	-30
Win	[220]	140	-80
Win	[220]	140	-80
Win	[200]	140	-65
Win	[220]	140	-80
Win	[200]	140	-70
Win	[220]	140	-65
Win	[220]	140	-80
Win	[220]	140	-85
Win	[180]	140	-60
Dogfall	300	140	-5
Win	[180]	140	-65
Win	[220]	140	-75
Win	[240]	140	-100
Win	[200]	140	-30
Win	[200]	140	-70
Win	[200]	140	-100
Win	[200]	140	-55
Win	[200]	140	-60
Win	[220]	140	-70
Win	[200]	140	-60
Win	[220]	140	-85
Win	[240]	140	-100
Win	[200]	140	-95
Win	[200]	140	-110
Dogfall	300	117	-155
Win	[200]	140	-30
Win	[220]	140	-80
Win	[180]	140	-65
Win	[180]	140	-60
Win	[220]	140	-70
Win	[180]	140	-75
Win	[200]	140	-70
Win	[200]	140	-115
Win	[200]	140	-110
Win	[240]	140	-105
Win	[200]	140	-100
Win	[220]	140	-80
Win	[220]	140	-165
Dogfall	300	111	-150
Win	[220]	140	-75
Win	300	140	-135
Win	[240]	140	-80
Win	[180]	140	-70
Win	[200]	140	-30
Win	[180]	140	-65
Win	[220]	140	-70
Win	[180]	140	-60
Win	[180]	140	-65
Win	[220]	140	-60
Win	[180]	140	-60
Win	[180]	140	-60
Win	[240]	140	-85
Win	[160]	140	-95
Win	[180]	140	-65
Win	[220]	140	-75
Win	[180]	140	-80
Win	[200]	140	-35
Win	[200]	140	-75
Win	[180]	140	-35
Win	[220]	140	-65
Win	[180]	140	-40
Win	[180]	140	-35
Win	[200]	140	-80
Win	[180]	140	-25
Win	[180]	140	-60
Win	[160]	140	-20
Win	[240]	140	-70
Win	[200]	140	-65
Win	[180]	140	-95
Win	[200]	140	-80
Loss	[280]	107	-180
Win	[220]	140	-60
Win	[220]	140	-130
Win	[180]	140	-105
Win	[240]	140	-80
Win	[220]	140	-90
Win	[200]	140	-100
Win	[240]	140	-115
Win	[240]	140	-85
Win	[260]	140	-110
Win	[200]	140	-100
Win	[200]	140	-115
Win	[200]	140	-95
Win	[220]	140	-105
Win	[240]	140	-100
Win	[220]	140	-105
Win	[260]	140	-115
Win	[180]	140	-90
Win	[200]	140	-100
Win	[180]	140	-70
Win	[220]	140	-90
Win	[240]	140	-90
Win	[200]	140	-105
Win	[200]	140	-40
Win	[180]	140	-65
Win	[220]	140	-90
Win	[180]	140	-30
Win	[180]	140	-60
Win	[180]	140	-50
Win	[180]	140	-60
Win	[200]	140	-70
Win	[200]	140	-70
Win	[200]	140	-30
Win	[200]	140	-65
Win	[180]	140	-40
Win	[200]	140	-90
Win	[160]	140	-30
Win	[180]	140	-60
Win	[180]	140	-25
Win	[240]	140	-75
Win	[180]	140	-70
Win	[200]	140	-85
Win	[180]	140	-45
Win	[200]	140	-90
Win	[180]	140	-25
Win	[180]	140	-25
Win	[200]	140	-30
Win	[180]	140	-65
Win	[180]	140	-25
Win	[200]	140	-65
Win	[240]	140	-105
Win	[220]	140	-135
Win	[160]	140	-20
Win	[280]	140	-120
Loss	[280]	97	-180
Win	[220]	140	-125
Win	[180]	140	-60
Win	[180]	140	-80
Win	[200]	140	-100
Loss	300	125	-180
Win	[180]	140	-30
Win	[180]	140	-65
Win	[220]	140	-110
Win	[220]	140	-100
Win	[200]	140	-115
Win	[200]	140	-50
Win	[200]	140	-75
Win	[200]	140	-60
Win	[180]	140	-65
Win	[220]	140	-105
Win	[180]	140	-30
Win	[200]	140	-75
Win	[180]	140	-75
Win	[180]	140	-65
Win	[220]	140	-95
Win	[240]	140	-75
Win	[180]	140	-25
Win	[200]	140	-60
Win	[180]	140	-25
Win	[240]	140	-75
Win	[200]	140	-65
Win	[180]	140	-60
Win	[180]	140	-60
Win	[200]	140	-75
Win	[220]	140	-60
Win	[200]	140	-70
Win	[160]	140	-50
Win	[180]	140	-25
Win	[180]	140	-65
Win	[220]	140	-70
Win	[200]	140	-70
Win	[180]	140	-60
Win	[260]	140	-75
Win	[200]	140	-60
Win	[180]	140	-55
Win	[180]	140	-25
Win	[180]	140	-25
Win	[260]	140	-80
Dogfall	300	140	-120
Win	[280]	140	-135
Dogfall	300	80	-140
Dogfall	300	125	-140
Win	300	140	-150
Win	[180]	140	-30
Win	[280]	140	-95
Win	[220]	140	-70
Win	[180]	140	-65
Win	[180]	140	-75
Win	[220]	140	-65
Win	[200]	140	-80
Win	[200]	140	-105
Win	[180]	140	-50
Win	[180]	140	-75
Win	[180]	140	-65
Win	[180]	140	-60
Win	[180]	140	-25
Win	[180]	140	-25
Win	[180]	140	-25
Win	[180]	140	-25
Win	[180]	140	-30
Win	[180]	140	-25
Win	[200]	140	-35
Win	[180]	140	-30
Win	[200]	140	-40
Win	[180]	140	-30
Win	[180]	140	-25
Win	[180]	140	-25
Win	[200]	140	-70
Win	[180]	140	-60
Win	[180]	140	-25
Win	[180]	140	-30
Win	[260]	140	-105
Win	[200]	140	-75
Win	[220]	140	-70
Win	[180]	140	-100
Win	[200]	140	-70
Win	[180]	140	-25
Win	[180]	140	-25
Win	[180]	140	-30
Win	[200]	140	-35
Dogfall	300	140	-15
Win	[180]	140	-25
Win	[180]	140	-25
Win	[180]	140	-35
Dogfall	300	140	-15
Win	[180]	140	-25
Win	[180]	140	-45
Win	[180]	140	-40
Win	[180]	140	-25
Win	[180]	140	-25
Win	[180]	140	-25
Win	[180]	140	-25
Win	[180]	140	-55
Win	[160]	140	-60
Win	[200]	140	-90
Win	[200]	140	-60
Win	[180]	140	-60
Win	[200]	140	-105
Win	[200]	140	-95
Win	[240]	140	-105
Win	[180]	140	-85
Win	[180]	140	-80
Win	[180]	140	-85
Win	[180]	140	-65
Win	[200]	140	-90
Win	[180]	140	-35
Win	[240]	140	-40
Win	[200]	140	-90
Win	[200]	140	-85
Win	[200]	140	-65
Win	[180]	140	-35
Win	[200]	140	-75
Dogfall	300	139	-155
Win	[180]	140	-30
Win	[200]	140	-75
Win	[220]	140	-80
Win	[200]	140	-40
Win	[180]	140	-60
Win	[180]	140	-35
Win	[220]	140	-75
Win	[180]	140	-35
Win	[200]	140	-70
Win	[220]	140	-50
Win	[220]	140	-95
Win	[200]	140	-70
Win	[200]	140	-75
Win	[160]	140	-55
Win	[180]	140	-70
Win	[180]	140	-95
Dogfall	300	140	-5
Win	[200]	140	-75
Win	[220]	140	-70
Win	[180]	140	-65
Win	[260]	140	-105
Win	[200]	140	-60
Win	[200]	140	-120
Win	[180]	140	-55
Win	[200]	140	-95
Win	[180]	140	-80
Dogfall	300	89	-170
Win	[220]	140	-105
Win	[200]	140	-105
Win	[200]	140	-90
Win	[200]	140	-90
Dogfall	300	121	-160
Win	[220]	140	-80
Dogfall	300	100	-170
Dogfall	300	114	-165
Loss	300	44	-180
Win	[200]	140	-110
Win	[200]	140	-110
Win	[200]	140	-100
Win	[160]	140	-95
Win	[260]	140	-115
Win	[160]	140	-95
Win	[180]	140	-85
Win	[200]	140	-110
Win	[180]	140	-85
Win	[200]	140	-95
Win	[180]	140	-60
Win	[200]	140	-70
Win	[180]	140	-60
Win	[260]	140	-150
Win	[180]	140	-75
Win	[220]	140	-75
Win	[200]	140	-65
Win	[260]	140	-100
Win	[200]	140	-65
Win	[200]	140	-65
Win	[180]	140	-50
Win	[180]	140	-65
Win	[200]	140	-65
Win	[240]	140	-80
Win	[180]	140	-100
Win	[180]	140	-60
Win	[200]	140	-75
Win	[160]	140	-70
Win	[200]	140	-65
Win	[180]	140	-60
Win	[180]	140	-60
Win	[180]	140	-60
Win	[180]	140	-50
Win	[220]	140	-85
Win	[200]	140	-65
Win	[220]	140	-90
Win	[220]	140	-70
Win	[200]	140	-70
Win	[180]	140	-70
Win	[200]	140	-65
Win	[180]	140	-80
Win	[180]	140	-75
Win	[220]	140	-80
Win	[220]	140	-70
Win	[180]	140	-60
Win	[200]	140	-55
Win	[220]	140	-100
Win	[180]	140	-60
Win	[200]	140	-85
Win	[220]	140	-135
Dogfall	300	111	-130
Win	[180]	140	-60
Win	[180]	140	-50
Win	[180]	140	-60
Win	[200]	140	-100
Win	[220]	140	-85
Win	[180]	140	-75
Win	[240]	140	-115
Win	[180]	140	-60
Win	[260]	140	-95
Win	[240]	140	-120
Win	[220]	140	-105
Win	[220]	140	-160
Win	[180]	140	-65
Win	[220]	140	-80
Win	[180]	140	-25
Win	[180]	140	-35
Win	[200]	140	-70
Win	[240]	140	-95
Win	[220]	140	-65
Win	[240]	140	-85
Win	[220]	140	-70
Win	[220]	140	-105
Win	[180]	140	-25
Win	[200]	140	-60
Win	[180]	140	-60
Win	[220]	140	-70
Win	[240]	140	-105
Win	[180]	140	-25
Win	[180]	140	-65
Win	[180]	140	-65
Win	[240]	140	-85
Win	[180]	140	-30
Win	300	140	-110
Win	[180]	140	-55
Win	[180]	140	-55
Win	[220]	140	-65
Win	[200]	140	-85
Win	[180]	140	-25
Win	[220]	140	-70
Win	[160]	140	-95
Dogfall	300	138	-135
Dogfall	300	123	-130
Win	[140]	140	-45
Win	[200]	140	-55
Win	[200]	140	-75
Win	[180]	140	-30
Win	[200]	140	-60
Win	[180]	140	-55
Win	[280]	140	-85
Win	[180]	140	-25
Win	[180]	140	-60
Win	[180]	140	-30
Win	[180]	140	-30
Win	[180]	140	-30
Win	[180]	140	-25
Win	[180]	140	-25
Win	[260]	140	-20
Win	[180]	140	-65
Win	[180]	140	-25
Win	[200]	140	-30
Win	[240]	140	-85
Win	[180]	140	-25
Win	[180]	140	-55
Win	[220]	140	-65
Win	[160]	140	-20
Win	[180]	140	-60
Win	[260]	140	-65
Win	[240]	140	-75
Win	[180]	140	-25
Win	[240]	140	-80
Win	[180]	140	-35
Win	[180]	140	-65
Win	[200]	140	-65
Win	[200]	140	-60
Win	[200]	140	-75
Win	[200]	140	-60
Win	[220]	140	-65
Win	[200]	140	-30
Win	[260]	140	-70
Win	[180]	140	-40
Win	[160]	140	-20
Win	[200]	140	-55
Win	[200]	140	-75
Win	[180]	140	-60
Win	[260]	140	-135
Win	[180]	140	-70
Win	[200]	140	-60
Win	[180]	140	-95
Win	[220]	140	-100
Win	[220]	140	-125
Win	[180]	140	-90
Win	[220]	140	-110
Dogfall	300	117	-165
Win	[180]	140	-100
Dogfall	300	53	-135
Win	[220]	140	-120
Win	[180]	140	-55
Win	[200]	140	-135
Win	[220]	140	-70
Win	[220]	140	-110
Win	[200]	140	-125
Win	[160]	140	-50
Win	[280]	140	-140
Win	[200]	140	-115
Win	[200]	140	-110
Win	[220]	140	-140
Win	[180]	140	-60
Win	[220]	140	-100
Win	[200]	140	-100
Win	[200]	140	-75
Win	[280]	140	-130
Win	[200]	140	-115
Win	[200]	140	-70
Win	[220]	140	-70
Win	[220]	140	-85
Win	[220]	140	-75
Win	[180]	140	-70
Win	[200]	140	-60
Win	[260]	140	-60
Win	[180]	140	-35
Win	[260]	140	-30
Win	[180]	140	-45
Win	[280]	140	-35
Win	[180]	140	-35
Win	[220]	140	-95
Win	[200]	140	-80
Win	[200]	140	-70
Win	[200]	140	-45
Win	[180]	140	-30
Win	[180]	140	-25
Win	[180]	140	-25
Win	[200]	140	-30
Win	[200]	140	-70
Win	[200]	140	-75
Win	[180]	140	-60
Win	[200]	140	-50
Win	[200]	140	-70
