Win	[220]	140	-60
Win	[240]	140	-105
Win	[180]	140	-70
Win	[240]	140	-80
Win	[180]	140	-65
Win	[200]	140	-55
Win	[180]	140	-90
Win	[260]	140	-105
Loss	[280]	104	-180
Win	[240]	140	-85
Win	[180]	140	-90
Win	[220]	140	-130
Win	[180]	140	-90
Dogfall	300	113	-175
Win	[220]	140	-115
Win	[220]	140	-115
Win	[220]	140	-115
Win	[160]	140	-85
Win	[240]	140	-130
Win	[220]	140	-95
Win	[180]	140	-80
Win	[220]	140	-110
Win	[200]	140	-110
Win	[280]	140	-115
Win	[260]	140	-90
Win	[220]	140	-110
Win	[240]	140	-80
Win	[180]	140	-55
Win	[180]	140	-65
Win	[180]	140	-60
Win	[220]	140	-65
Win	[180]	140	-60
Win	[180]	140	-50
Win	[180]	140	-60
Win	[180]	140	-60
Win	[240]	140	-140
Win	[240]	140	-125
Win	[180]	140	-80
Loss	[280]	89	-180
Win	[220]	140	-65
Win	[180]	140	-55
Win	[240]	140	-85
Win	[220]	140	-85
Win	[200]	140	-60
Win	[200]	140	-70
Win	[200]	140	-70
Win	[200]	140	-70
Win	[180]	140	-65
Win	[200]	140	-30
Win	[180]	140	-55
Win	[200]	140	-65
Win	[200]	140	-60
Win	[180]	140	-65
Win	[200]	140	-100
Win	[160]	140	-40
Win	[180]	140	-60
Win	[180]	140	-60
Win	[200]	140	-70
Win	[240]	140	-90
Win	[180]	140	-30
Win	[180]	140	-60
Win	[200]	140	-80
Win	[180]	140	-70
Win	[180]	140	-60
Win	[180]	140	-60
Win	[160]	140	-100
Dogfall	300	132	-160
Win	[200]	140	-130
Win	[220]	140	-105
Win	[240]	140	-140
Win	[220]	140	-115
Win	[220]	140	-125
Win	[240]	140	-75
Win	[220]	140	-80
Win	[180]	140	-60
Win	[180]	140	-60
Win	[180]	140	-65
Win	[200]	140	-70
Win	[180]	140	-40
Win	[180]	140	-65
Win	[220]	140	-110
Win	[200]	140	-30
Win	[180]	140	-60
Win	[220]	140	-75
Win	[180]	140	-65
Win	[180]	140	-25
Win	[160]	140	-20
Win	[240]	140	-70
Win	[180]	140	-60
Win	[280]	140	-155
Win	[180]	140	-60
Win	[180]	140	-60
Win	[180]	140	-55
Win	[200]	140	-65
Win	[240]	140	-65
Win	[200]	140	-70
Win	[180]	140	-65
Win	[260]	140	-135
Win	[180]	140	-85
Win	[200]	140	-105
Win	[220]	140	-95
Dogfall	300	103	-145
Win	[200]	140	-75
Win	[200]	140	-100
Win	[220]	140	-100
Win	[220]	140	-105
Win	[240]	140	-65
Win	[200]	140	-65
Win	[180]	140	-60
Win	[200]	140	-75
Win	[180]	140	-25
Win	[180]	140	-30
Win	[180]	140	-25
Win	[160]	140	-50
Win	[180]	140	-25
Win	[160]	140	-60
Win	[200]	140	-65
Win	[200]	140	-130
Win	[180]	140	-25
Win	[220]	140	-60
Win	[180]	140	-90
Win	[180]	140	-25
Win	[240]	140	-100
Win	[180]	140	-60
Win	[200]	140	-105
Win	[180]	140	-105
Win	[200]	140	-100
Win	[200]	140	-90
Win	[220]	140	-105
Win	[200]	140	-95
Win	[180]	140	-85
Win	[240]	140	-105
Win	[180]	140	-90
Win	[200]	140	-95
Dogfall	300	97	-170
Win	[220]	140	-80
Win	[180]	140	-60
Win	[220]	140	-70
Win	[240]	140	-110
Win	[180]	140	-25
Win	[180]	140	-65
Win	[180]	140	-60
Win	[180]	140	-60
Win	[180]	140	-50
Win	[180]	140	-25
Win	[220]	140	-85
Win	[180]	140	-85
Win	[200]	140	-100
Win	[240]	140	-70
Win	[180]	140	-125
Win	[260]	140	-90
Win	[200]	140	-70
Win	[220]	140	-105
Win	[200]	140	-100
Win	[200]	140	-105
Win	[180]	140	-85
Win	[180]	140	-100
Win	[200]	140	-105
Win	[180]	140	-25
Win	[180]	140	-60
Win	[180]	140	-85
Win	[180]	140	-120
Dogfall	300	129	-175
Win	[180]	140	-30
Win	[180]	140	-60
Win	[180]	140	-25
Win	[180]	140	-60
Win	[200]	140	-70
Win	[200]	140	-70
Win	[200]	140	-65
Win	[220]	140	-80
Win	[200]	140	-80
Win	[200]	140	-55
Win	[200]	140	-55
Win	[180]	140	-55
Win	[220]	140	-135
Win	[200]	140	-110
Win	[160]	140	-80
Win	[200]	140	-95
Win	[200]	140	-100
Win	[220]	140	-120
Win	[200]	140	-110
Win	[220]	140	-115
Win	[240]	140	-120
Win	[220]	140	-100
Win	[180]	140	-60
Win	[180]	140	-45
Win	[180]	140	-60
Win	[180]	140	-30
Win	[220]	140	-85
Win	[180]	140	-60
Win	[180]	140	-60
Win	[260]	140	-150
Win	[180]	140	-100
Win	[180]	140	-90
Win	[280]	140	-130
Win	[280]	140	-150
Win	[160]	140	-75
Win	[240]	140	-115
Win	[200]	140	-105
Win	[180]	140	-60
Win	[140]	140	-85
Win	[200]	140	-110
Win	[200]	140	-90
Win	[200]	140	-115
Win	[200]	140	-105
Win	[200]	140	-105
Loss	300	128	-180
Win	[220]	140	-65
Win	[220]	140	-70
Win	[200]	140	-110
Win	[220]	140	-120
Win	[240]	140	-115
Win	[200]	140	-75
Win	[160]	140	-20
Win	[180]	140	-55
Win	[180]	140	-65
Win	[200]	140	-105
Win	[200]	140	-105
Win	[220]	140	-100
Win	[180]	140	-80
Win	[220]	140	-145
Win	[180]	140	-90
Win	[200]	140	-90
Win	[180]	140	-90
Win	[240]	140	-125
Win	[180]	140	-60
Win	[220]	140	-110
Win	[280]	140	-155
Win	[180]	140	-65
Win	[180]	140	-70
Win	[200]	140	-65
Win	[220]	140	-60
Win	[180]	140	-25
Win	[180]	140	-20
Win	[200]	140	-60
Win	[220]	140	-75
Win	[180]	140	-75
Win	[200]	140	-60
Win	[180]	140	-60
Win	[200]	140	-70
Dogfall	300	139	-165
Win	[180]	140	-85
Win	[220]	140	-145
Win	[220]	140	-115
Win	[220]	140	-135
Dogfall	300	132	-155
Win	[180]	140	-105
Win	[180]	140	-85
Win	[260]	140	-145
Win	[220]	140	-120
Win	[180]	140	-60
Win	[200]	140	-70
Win	[200]	140	-65
Win	[220]	140	-95
Win	[200]	140	-65
Win	[180]	140	-65
Win	[220]	140	-70
Win	[180]	140	-60
Win	300	140	-130
Dogfall	300	139	-155
Win	[160]	140	-85
Win	[200]	140	-110
Win	[200]	140	-70
Win	[180]	140	-65
Win	[200]	140	-70
Win	[260]	140	-110
Win	[200]	140	-60
Win	[200]	140	-80
Win	[200]	140	-60
Win	[200]	140	-90
Win	[240]	140	-155
Win	[200]	140	-105
Win	[200]	140	-110
Win	[220]	140	-110
Win	[260]	140	-130
Win	[220]	140	-75
Win	[180]	140	-60
Win	[180]	140	-60
Dogfall	300	140	-5
Win	[180]	140	-60
Win	[180]	140	-60
Win	[180]	140	-70
Win	[240]	140	-70
Win	[180]	140	-60
Win	[240]	140	-80
Win	[220]	140	-75
Win	[200]	140	-100
Win	[220]	140	-135
Win	[180]	140	-90
Win	[160]	140	-85
Win	[200]	140	-125
Win	[200]	140	-105
Win	[180]	140	-85
Win	[200]	140	-95
Win	[200]	140	-110
Win	[200]	140	-110
Win	[240]	140	-115
Win	[180]	140	-110
Win	[160]	140	-55
Win	[180]	140	-105
Win	[180]	140	-95
Win	[280]	140	-170
Win	[200]	140	-100
Win	[200]	140	-105
Win	[180]	140	-100
Win	[180]	140	-70
Win	[200]	140	-75
Win	[200]	140	-85
Win	[180]	140	-85
Win	[240]	140	-90
Win	[180]	140	-60
Win	[220]	140	-75
Win	[200]	140	-85
Win	[200]	140	-100
Win	[200]	140	-110
Win	[200]	140	-95
Win	[200]	140	-95
Win	[240]	140	-110
Win	[260]	140	-125
Win	[180]	140	-70
Win	[220]	140	-65
Win	[180]	140	-60
Win	[180]	140	-65
Win	[200]	140	-70
Win	[220]	140	-100
Win	[220]	140	-120
Win	[180]	140	-85
Win	[180]	140	-60
Win	[220]	140	-105
Win	[200]	140	-85
Win	[220]	140	-110
Win	[240]	140	-115
Win	[200]	140	-95
Win	[200]	140	-110
Win	[200]	140	-105
Win	[260]	140	-30
Win	[180]	140	-60
Dogfall	300	140	-30
Win	[180]	140	-55
Dogfall	300	140	-5
Win	[180]	140	-65
Win	[200]	140	-65
Win	[200]	140	-105
Win	[200]	140	-105
Win	[200]	140	-110
Win	[200]	140	-100
Win	[180]	140	-85
Win	[200]	140	-105
Win	300	140	-125
Win	[240]	140	-80
Win	[240]	140	-130
Win	[220]	140	-145
Win	[200]	140	-105
Win	[240]	140	-105
Dogfall	300	122	-145
Win	[180]	140	-55
Win	[220]	140	-65
Win	[200]	140	-65
Win	[180]	140	-55
Win	[180]	140	-60
Win	[200]	140	-70
Win	[180]	140	-60
Win	[220]	140	-95
Win	[200]	140	-70
Win	300	140	-145
Win	[180]	140	-25
Win	[180]	140	-65
Win	[180]	140	-110
Win	[220]	140	-75
Win	[180]	140	-60
Win	[200]	140	-65
Win	[180]	140	-55
Win	[220]	140	-75
Win	[240]	140	-85
Win	[200]	140	-90
Win	[180]	140	-100
Win	[200]	140	-110
Win	[180]	140	-95
Win	[180]	140	-110
Win	[200]	140	-95
Win	[200]	140	-60
Win	[200]	140	-95
Win	[160]	140	-90
Win	[180]	140	-95
Win	[220]	140	-125
Win	[200]	140	-105
Win	[200]	140	-105
Win	[200]	140	-105
Win	[220]	140	-115
Win	[180]	140	-80
Win	[200]	140	-105
Win	[180]	140	-110
Win	[200]	140	-115
Win	[220]	140	-130
Win	[180]	140	-85
Win	[180]	140	-65
Dogfall	300	132	-165
Win	[200]	140	-125
Win	[240]	140	-70
Win	[280]	140	-165
Win	[240]	140	-130
Win	[180]	140	-60
Win	[260]	140	-135
Win	[200]	140	-75
Win	[220]	140	-90
Win	[240]	140	-105
Win	[180]	140	-65
Win	[240]	140	-100
Win	[220]	140	-95
Win	[220]	140	-125
Win	[220]	140	-65
Win	[240]	140	-105
Win	[180]	140	-60
Win	[180]	140	-25
Win	[200]	140	-90
Win	[180]	140	-105
Win	[200]	140	-125
Win	[220]	140	-100
Win	[200]	140	-100
Dogfall	300	133	-170
Win	[260]	140	-80
Win	[280]	140	-130
Dogfall	300	140	-35
Win	300	140	-115
Win	[200]	140	-30
Win	[180]	140	-100
Win	[200]	140	-30
Win	[200]	140	-70
Win	[180]	140	-55
Win	[220]	140	-105
Win	[200]	140	-70
Win	[160]	140	-20
Win	[180]	140	-25
Win	[220]	140	-70
Win	[180]	140	-60
Win	[180]	140	-30
Dogfall	300	139	-80
Win	[180]	140	-95
Win	[200]	140	-60
Win	[220]	140	-80
Win	[220]	140	-75
Win	[220]	140	-75
Win	[200]	140	-65
Win	[200]	140	-60
Win	[280]	140	-125
Win	[200]	140	-45
Win	[220]	140	-80
Win	[200]	140	-40
Win	[240]	140	-105
Win	[180]	140	-60
Win	[200]	140	-35
Win	[220]	140	-75
Win	[200]	140	-65
Win	[180]	140	-20
Win	[200]	140	-65
Win	[240]	140	-80
Win	[220]	140	-75
Win	[200]	140	-35
Win	[220]	140	-70
Win	[180]	140	-60
Win	[180]	140	-65
Win	[180]	140	-25
Win	[180]	140	-55
Win	[220]	140	-80
Win	[220]	140	-115
Win	[200]	140	-105
Win	[280]	140	-120
Win	[220]	140	-110
Win	[200]	140	-105
Win	[220]	140	-110
Win	[180]	140	-110
Win	[200]	140	-105
Win	[200]	140	-95
Win	[200]	140	-105
Win	[200]	140	-105
Win	[240]	140	-120
Win	[220]	140	-105
Win	[280]	140	-160
Win	[180]	140	-40
Win	[180]	140	-65
Win	[180]	140	-90
Win	[160]	140	-35
Win	[180]	140	-50
Win	[160]	140	-20
Win	[200]	140	-45
Win	[220]	140	-65
Win	[180]	140	-100
Win	[160]	140	-90
Win	[180]	140	-85
Win	[220]	140	-125
Win	[240]	140	-80
Win	[240]	140	-140
Win	[180]	140	-50
Win	[220]	140	-120
Win	[200]	140	-100
Loss	300	131	-180
Win	[160]	140	-45
Win	[220]	140	-65
Win	[180]	140	-55
