0.00 0.00 0.00 0.00 0.00 0.00 0.00 0.00 0.00 0.00 0.00 0.00 0.00
0.00 0.00 0.00 0.00 0.00 0.00 0.00 0.00 0.00 0.00 0.00 0.00 0.00
0.00 0.00 -1.00 -1.00 -1.00 -1.00 -1.00 -1.00 -1.00 0.00 0.00 0.00 0.00
0.00 0.00 -1.00 -5.00 -5.00 -5.00 -5.00 -5.00 -1.00 0.00 0.00 0.00 0.00
0.00 0.00 -1.00 -5.00 -14.00 -14.00 -14.00 -5.00 -1.00 0.00 0.00 0.00 0.00
0.00 0.00 -1.00 -6.00 9.00 -18.00 -16.00 -7.00 -3.00 -2.00 -1.00 0.00 0.00
0.00 0.00 -1.00 -7.00 4.00 -25.00 -25.00 -16.00 -12.00 -7.00 -1.00 0.00 0.00
0.00 0.00 -1.00 -7.00 -16.00 -29.00 -38.00 -38.00 -25.00 -7.00 -1.00 0.00 0.00
0.00 0.00 -1.00 -3.00 -12.00 -9.00 -45.00 -45.00 -25.00 -7.00 -1.00 0.00 0.00
0.00 0.00 0.00 -2.00 -11.00 -8.00 -44.00 -42.00 -24.00 -7.00 -1.00 0.00 0.00
0.00 0.00 0.00 -2.00 -11.00 -24.00 -24.00 -24.00 -15.00 -7.00 -1.00 0.00 0.00
0.00 0.00 0.00 -2.00 -7.00 -7.00 -7.00 -7.00 -7.00 -3.00 -1.00 0.00 0.00
0.00 0.00 0.00 -1.00 -1.00 -1.00 -1.00 -1.00 -1.00 -1.00 0.00 0.00 0.00
0.00 0.00 0.00 0.00 0.00 0.00 0.00 0.00 0.00 0.00 0.00 0.00 0.00
0.00 0.00 0.00 0.00 0.00 0.00 0.00 0.00 0.00 0.00 0.00 0.00 0.00
