0.00 0.00 0.00 0.00 0.00 0.00 0.00 0.00 0.00 0.00 0.00 0.00
0.00 0.00 0.00 0.00 0.00 0.00 0.00 0.00 0.00 0.00 0.00 0.00
0.00 0.00 -1.00 -1.00 -1.00 -1.00 -1.00 -1.00 -1.00 0.00 0.00 0.00
0.00 0.00 -1.00 -5.00 -5.00 -5.00 -5.00 -5.00 -1.00 0.00 0.00 0.00
0.00 0.00 -2.00 -7.00 -16.00 -16.00 -16.00 -7.00 -3.00 -1.00 0.00 0.00
0.00 0.00 -2.00 -12.00 -25.00 -27.00 -25.00 -16.00 -8.00 -2.00 0.00 0.00
0.00 0.00 -2.00 13.00 -38.00 -47.00 -47.00 -29.00 -12.00 -2.00 0.00 0.00
0.00 0.00 -2.00 -12.00 -29.00 -49.00 -49.00 -38.00 -12.00 -2.00 0.00 0.00
0.00 0.00 -2.00 -8.00 0.00 -43.00 -45.00 -34.00 -12.00 -2.00 0.00 0.00
0.00 0.00 -1.00 -7.00 10.00 -24.00 -24.00 -24.00 -11.00 -2.00 0.00 0.00
0.00 0.00 -1.00 -3.00 18.00 -7.00 -7.00 -7.00 -7.00 -2.00 0.00 0.00
0.00 0.00 0.00 -1.00 -1.00 -1.00 -1.00 -1.00 -1.00 -1.00 0.00 0.00
0.00 0.00 0.00 0.00 0.00 0.00 0.00 0.00 0.00 0.00 0.00 0.00
0.00 0.00 0.00 0.00 0.00 0.00 0.00 0.00 0.00 0.00 0.00 0.00
