0.00 0.00 0.00 0.00 0.00 0.00 0.00 0.00 0.00 0.00 0.00
0.00 0.00 0.00 0.00 0.00 0.00 0.00 0.00 0.00 0.00 0.00
0.00 0.00 -1.00 -1.00 -1.00 -1.00 -1.00 -1.00 -1.00 0.00 0.00
0.00 0.00 -1.00 -5.00 -5.00 -5.00 -5.00 -5.00 -1.00 0.00 0.00
0.00 0.00 -2.00 -6.00 -15.00 -15.00 -15.00 -6.00 -2.00 0.00 0.00
0.00 0.00 -2.00 -10.00 6.00 -21.00 -19.00 -10.00 -2.00 0.00 0.00
0.00 0.00 -2.00 -10.00 -3.00 -28.00 -28.00 -10.00 -2.00 0.00 0.00
0.00 0.00 -2.00 -10.00 -19.00 -21.00 -19.00 -10.00 -2.00 0.00 0.00
0.00 0.00 -2.00 -6.00 10.00 -15.00 -15.00 -6.00 -2.00 0.00 0.00
0.00 0.00 -1.00 -5.00 20.00 -5.00 -5.00 -5.00 -1.00 0.00 0.00
0.00 0.00 -1.00 -1.00 -1.00 -1.00 -1.00 -1.00 -1.00 0.00 0.00
0.00 0.00 0.00 0.00 0.00 0.00 0.00 0.00 0.00 0.00 0.00
0.00 0.00 0.00 0.00 0.00 0.00 0.00 0.00 0.00 0.00 0.00
