Loss	[70]	360	-180
Loss	[90]	360	-180
Loss	[70]	360	-180
Loss	[90]	360	-180
Loss	[70]	360	-180
Loss	[80]	360	-180
Loss	[90]	360	-180
Loss	[80]	360	-180
Loss	[100]	360	-180
Loss	[60]	360	-180
Loss	[110]	360	-180
Loss	[70]	360	-180
Loss	[70]	360	-180
Loss	[80]	360	-180
Loss	[160]	360	-180
Loss	[100]	360	-180
Loss	[90]	360	-180
Loss	[90]	360	-180
Loss	[80]	360	-180
Loss	[110]	360	-180
Loss	[80]	360	-180
Loss	[80]	360	-180
Loss	[90]	360	-180
Loss	[80]	360	-180
Loss	[80]	360	-180
Loss	[80]	360	-180
Loss	[130]	360	-180
Loss	[80]	360	-180
Loss	[110]	360	-180
Loss	[80]	360	-180
Dogfall	250.0	261	-171
Loss	[100]	360	-180
Loss	[90]	360	-180
Loss	[100]	360	-180
Loss	[90]	360	-180
Loss	[90]	360	-180
Loss	[80]	360	-180
Loss	[80]	360	-180
Loss	[100]	360	-180
Loss	[70]	360	-180
Loss	[70]	360	-180
Loss	[70]	360	-180
Loss	[100]	360	-180
Loss	[80]	360	-180
Loss	[70]	360	-180
Loss	[90]	360	-180
Loss	[70]	360	-180
Loss	[80]	360	-180
Loss	[70]	360	-180
Loss	[90]	360	-180
Loss	[100]	360	-180
Loss	[80]	360	-180
Loss	[70]	360	-180
Loss	[80]	360	-180
Loss	[70]	360	-180
Loss	[70]	360	-180
Loss	[100]	360	-180
Loss	[80]	360	-180
Loss	[90]	360	-180
Loss	[100]	360	-180
Loss	[100]	360	-180
Dogfall	250.0	360	-51
Loss	[120]	360	-180
Loss	[70]	360	-180
Loss	[70]	360	-180
Loss	[70]	360	-180
Loss	[110]	360	-180
Loss	[80]	360	-180
Loss	[80]	360	-180
Loss	[100]	360	-180
Loss	[80]	360	-180
Loss	[80]	360	-180
Loss	[80]	360	-180
Loss	[70]	360	-180
Loss	[120]	360	-180
Loss	[70]	360	-180
Loss	[80]	360	-180
Loss	[90]	360	-180
Loss	[110]	360	-180
Loss	[90]	360	-180
Loss	[80]	360	-180
Loss	[90]	360	-180
Loss	[100]	360	-180
Loss	[90]	360	-180
Loss	[100]	360	-180
Loss	[120]	360	-180
Loss	[80]	360	-180
Loss	[90]	360	-180
Loss	[80]	360	-180
Loss	[100]	360	-180
Loss	[90]	360	-180
Loss	[220]	315	-180
Loss	[100]	360	-180
Loss	[90]	360	-180
Loss	[100]	360	-180
Loss	[110]	360	-180
Loss	[100]	360	-180
Loss	[70]	360	-180
Loss	[120]	360	-180
Loss	[90]	360	-180
Dogfall	250.0	360	-135
Loss	[80]	360	-180
Loss	[120]	360	-180
Loss	[130]	360	-180
Loss	[110]	360	-180
Loss	[110]	360	-180
Loss	[80]	360	-180
Loss	[90]	360	-180
Loss	[80]	360	-180
Loss	[120]	360	-180
Loss	[80]	360	-180
Loss	[80]	360	-180
Loss	[80]	360	-180
Loss	[90]	360	-180
Loss	[80]	360	-180
Loss	[80]	360	-180
Loss	[70]	360	-180
Loss	[100]	360	-180
Loss	[100]	360	-180
Loss	[70]	360	-180
Loss	[90]	360	-180
Loss	[80]	360	-180
Loss	[70]	360	-180
Loss	[70]	360	-180
Loss	[80]	360	-180
Loss	[80]	360	-180
Loss	[90]	360	-180
Loss	[80]	360	-180
Loss	[80]	360	-180
Loss	[110]	360	-180
Loss	[110]	360	-180
Loss	[90]	360	-180
Loss	[80]	360	-180
Loss	[230]	276	-180
Loss	[80]	360	-180
Loss	[80]	360	-180
Loss	[70]	360	-180
Loss	[70]	360	-180
Loss	[100]	360	-180
Loss	[70]	360	-180
Loss	[80]	360	-180
Loss	[80]	360	-180
Loss	[90]	360	-180
Loss	[80]	360	-180
Loss	[100]	360	-180
Loss	[80]	360	-180
Loss	[80]	360	-180
Loss	[70]	360	-180
Loss	[90]	360	-180
Loss	[80]	360	-180
Loss	[80]	360	-180
Loss	[90]	360	-180
Loss	[90]	360	-180
Loss	[100]	360	-180
Loss	[90]	360	-180
Loss	[130]	360	-180
Loss	[140]	360	-180
Loss	[130]	360	-180
Loss	[100]	360	-180
Loss	[130]	360	-180
Loss	[100]	360	-180
Loss	[140]	360	-180
Loss	[90]	360	-180
Loss	[90]	360	-180
Loss	[90]	360	-180
Loss	[100]	360	-180
Loss	[100]	360	-180
Loss	[80]	360	-180
Loss	[130]	360	-180
Loss	[90]	360	-180
Loss	[120]	360	-180
Loss	[90]	360	-180
Loss	[90]	360	-180
Loss	[140]	360	-180
Loss	[90]	360	-180
Loss	[120]	360	-180
Loss	[100]	360	-180
Loss	[80]	360	-180
Loss	[80]	360	-180
Loss	[80]	360	-180
Loss	[100]	360	-180
Loss	[120]	360	-180
Loss	[110]	360	-180
Dogfall	250.0	360	-153
Loss	[110]	360	-180
Loss	[110]	360	-180
Loss	[110]	360	-180
Loss	[90]	360	-180
Loss	[90]	360	-180
Loss	[100]	360	-180
Loss	[90]	360	-180
Loss	[90]	360	-180
Loss	[90]	360	-180
Loss	[100]	360	-180
Loss	[70]	360	-180
Loss	[80]	360	-180
Loss	[70]	360	-180
Loss	[190]	360	-180
Loss	[100]	360	-180
Loss	[90]	360	-180
Loss	[80]	360	-180
Loss	[70]	360	-180
Loss	[80]	360	-180
Loss	[90]	360	-180
Loss	[80]	360	-180
Loss	[120]	360	-180
Loss	[140]	360	-180
Loss	[120]	360	-180
Loss	[90]	360	-180
Loss	[90]	360	-180
Loss	[80]	360	-180
Loss	[90]	360	-180
Loss	[140]	360	-180
Loss	[90]	360	-180
Loss	[90]	360	-180
Loss	[110]	360	-180
Loss	[90]	360	-180
Loss	[80]	360	-180
Loss	[80]	360	-180
Loss	[80]	360	-180
Loss	[80]	360	-180
Loss	[80]	360	-180
Loss	[80]	360	-180
Loss	[80]	360	-180
Loss	[140]	360	-180
Loss	[70]	360	-180
Loss	[80]	360	-180
Loss	[100]	360	-180
Loss	[80]	360	-180
Loss	[80]	360	-180
Loss	[90]	360	-180
Loss	[80]	360	-180
Loss	[110]	360	-180
Loss	[150]	360	-180
Loss	[100]	360	-180
Dogfall	250.0	360	-135
Loss	[150]	360	-180
Loss	[190]	360	-180
Loss	[120]	360	-180
Loss	[80]	360	-180
Loss	[190]	360	-180
Loss	[150]	360	-180
Loss	[210]	276	-180
Loss	[110]	360	-180
Loss	[200]	360	-180
Loss	[100]	360	-180
Loss	[90]	360	-180
Dogfall	250.0	69	-135
Loss	[240]	243	-180
Loss	[240]	204	-180
Loss	[180]	360	-180
Loss	[110]	360	-180
Loss	[70]	360	-180
Loss	[140]	360	-180
Dogfall	250.0	63	-144
Loss	[120]	360	-180
Loss	[150]	360	-180
Loss	[90]	360	-180
Loss	[180]	360	-180
Loss	[200]	360	-180
Loss	[90]	360	-180
Loss	[90]	360	-180
Loss	[120]	360	-180
Loss	[70]	360	-180
Loss	[100]	360	-180
Loss	[70]	360	-180
Loss	[190]	360	-180
Dogfall	250.0	327	-159
Loss	[110]	360	-180
Dogfall	250.0	360	-135
Loss	[100]	360	-180
Loss	[100]	360	-180
Dogfall	250.0	360	-165
Loss	[100]	360	-180
Loss	[90]	360	-180
Loss	[130]	360	-180
Loss	[120]	360	-180
Loss	[90]	360	-180
Loss	[70]	360	-180
Loss	[130]	360	-180
Loss	[170]	360	-180
Loss	[110]	360	-180
Loss	[110]	360	-180
Loss	[90]	360	-180
Loss	[170]	360	-180
Dogfall	250.0	360	-135
Loss	[110]	360	-180
Loss	[130]	360	-180
Loss	[100]	360	-180
Loss	[120]	360	-180
Loss	[150]	360	-180
Loss	[90]	360	-180
Loss	[70]	360	-180
Loss	[130]	360	-180
Loss	[120]	360	-180
Loss	[110]	360	-180
Loss	[130]	360	-180
Loss	[100]	360	-180
Dogfall	250.0	360	-135
Loss	[90]	360	-180
Loss	[90]	360	-180
Loss	[90]	360	-180
Loss	[100]	360	-180
Loss	[120]	360	-180
Loss	[100]	360	-180
Loss	[110]	360	-180
Loss	[120]	360	-180
Loss	[100]	360	-180
Loss	[90]	360	-180
Loss	[110]	360	-180
Loss	[100]	360	-180
Dogfall	250.0	360	-114
Loss	[100]	360	-180
Loss	[90]	360	-180
Loss	[140]	360	-180
Loss	[90]	360	-180
Loss	[100]	360	-180
Dogfall	250.0	360	-162
Loss	[100]	360	-180
Loss	[100]	360	-180
Loss	[140]	360	-180
Loss	[90]	360	-180
Loss	[120]	360	-180
Loss	[160]	360	-180
Loss	[100]	360	-180
Loss	[110]	360	-180
Loss	[110]	360	-180
Loss	[120]	360	-180
Loss	[70]	360	-180
Loss	[70]	360	-180
Loss	[80]	360	-180
Loss	[130]	360	-180
Loss	[130]	360	-180
Loss	[90]	360	-180
Loss	[80]	360	-180
Loss	[140]	360	-180
Loss	[120]	360	-180
Loss	[70]	360	-180
Loss	[80]	360	-180
Loss	[90]	360	-180
Loss	[70]	360	-180
Loss	[190]	360	-180
Loss	[70]	360	-180
Loss	[90]	360	-180
Dogfall	250.0	360	-165
Loss	[90]	360	-180
Loss	[90]	360	-180
Loss	[90]	360	-180
Loss	[90]	360	-180
Loss	[90]	360	-180
Loss	[90]	360	-180
Loss	[90]	360	-180
Loss	[80]	360	-180
Loss	[130]	360	-180
Loss	[90]	360	-180
Loss	[130]	360	-180
Loss	[100]	360	-180
Loss	[90]	360	-180
Loss	[110]	360	-180
Loss	[100]	360	-180
Loss	[100]	360	-180
Loss	[100]	360	-180
Loss	[90]	360	-180
Loss	[100]	360	-180
Loss	[110]	360	-180
Loss	[90]	360	-180
Dogfall	250.0	360	-141
Loss	[100]	360	-180
Loss	[110]	360	-180
Loss	[90]	360	-180
Loss	[120]	360	-180
Dogfall	250.0	360	-135
Loss	[110]	360	-180
Loss	[110]	360	-180
Loss	[140]	360	-180
Loss	[80]	360	-180
Loss	[100]	360	-180
Loss	[90]	360	-180
Dogfall	250.0	360	-153
Loss	[180]	360	-180
Loss	[90]	360	-180
Dogfall	250.0	327	-177
Loss	[100]	360	-180
Loss	[110]	360	-180
Loss	[90]	360	-180
Loss	[120]	360	-180
Loss	[100]	360	-180
Loss	[100]	360	-180
Dogfall	250.0	360	-165
Loss	[100]	360	-180
Loss	[160]	360	-180
Loss	[70]	360	-180
Loss	[110]	360	-180
Loss	[100]	360	-180
Loss	[90]	360	-180
Loss	[120]	360	-180
Loss	[120]	360	-180
Dogfall	250.0	231	-177
Dogfall	250.0	360	-171
Loss	[160]	360	-180
Dogfall	250.0	360	-141
Loss	[90]	360	-180
Loss	[100]	360	-180
Loss	[100]	360	-180
Loss	[110]	360	-180
Loss	[120]	360	-180
Loss	[130]	360	-180
Loss	[110]	360	-180
Loss	[100]	360	-180
Loss	[120]	360	-180
Loss	[120]	360	-180
Loss	[100]	360	-180
Loss	[100]	360	-180
Loss	[100]	360	-180
Loss	[120]	360	-180
Loss	[110]	360	-180
Loss	[210]	270	-180
Loss	[120]	360	-180
Loss	[90]	360	-180
Loss	[120]	360	-180
Loss	[100]	360	-180
Dogfall	250.0	360	-165
Loss	[90]	360	-180
Loss	[80]	360	-180
Loss	[110]	360	-180
Loss	[100]	360	-180
Dogfall	250.0	360	-150
Loss	[130]	360	-180
Loss	[130]	360	-180
Loss	[100]	360	-180
Loss	[100]	360	-180
Loss	[70]	360	-180
Loss	[100]	360	-180
Loss	[100]	360	-180
Loss	[100]	360	-180
Loss	[80]	360	-180
Dogfall	250.0	360	-135
Loss	[110]	360	-180
Loss	[120]	360	-180
Loss	[150]	360	-180
Loss	[70]	360	-180
Loss	[120]	360	-180
Loss	[190]	360	-180
Loss	[110]	360	-180
Loss	[90]	360	-180
Dogfall	250.0	360	-159
Loss	[190]	360	-180
Dogfall	250.0	360	-153
Loss	[150]	360	-180
Loss	[130]	360	-180
Loss	[170]	360	-180
Loss	[110]	360	-180
Loss	[100]	360	-180
Loss	[140]	360	-180
Loss	[130]	360	-180
Loss	[140]	360	-180
Loss	[140]	360	-180
Loss	[120]	360	-180
Dogfall	250.0	360	-135
Loss	[90]	360	-180
Loss	[130]	360	-180
Dogfall	250.0	360	-126
Loss	[80]	360	-180
Loss	[100]	360	-180
Dogfall	250.0	45	-159
Loss	[120]	360	-180
Loss	[110]	360	-180
Loss	[150]	360	-180
Loss	[140]	360	-180
Loss	[100]	360	-180
Loss	[100]	360	-180
Loss	[80]	360	-180
Loss	[70]	360	-180
Loss	[110]	360	-180
Loss	[80]	360	-180
Loss	[90]	360	-180
Loss	[90]	360	-180
Loss	[210]	288	-180
Loss	[80]	360	-180
Loss	[100]	360	-180
Loss	[120]	360	-180
Dogfall	250.0	360	-177
Loss	[70]	360	-180
Loss	[80]	360	-180
Loss	[80]	360	-180
Loss	[80]	360	-180
Loss	[90]	360	-180
Dogfall	250.0	315	-147
Loss	[90]	360	-180
Loss	[150]	360	-180
Loss	[110]	360	-180
Loss	[100]	360	-180
Loss	[100]	360	-180
Loss	[150]	360	-180
Loss	[100]	360	-180
Loss	[130]	360	-180
Dogfall	250.0	63	-165
Loss	[140]	360	-180
Loss	[120]	360	-180
