Loss	[170]	360	-360
Loss	[160]	360	-360
Loss	[170]	360	-360
Loss	[160]	360	-360
Win	[180]	360	-354
Dogfall	250.0	309	-357
Win	[120]	360	-345
Loss	[200]	360	-360
Loss	[140]	360	-360
Loss	[180]	360	-360
Loss	[180]	360	-360
Win	[180]	360	-351
Win	[220]	360	-357
Loss	250.0	297	-360
Loss	[180]	360	-360
Loss	[160]	360	-360
Loss	[170]	360	-360
Loss	[210]	360	-360
Loss	[200]	360	-360
Loss	[160]	360	-360
Loss	[230]	351	-360
Loss	[160]	360	-360
Loss	[150]	360	-360
Win	[220]	360	-351
Loss	[190]	360	-360
Win	[160]	360	-333
Loss	[190]	360	-360
Loss	[230]	324	-360
Win	[200]	360	-348
Loss	[190]	360	-360
Loss	[170]	360	-360
Loss	[150]	360	-360
Loss	[220]	357	-360
Loss	[150]	360	-360
Win	[200]	360	-339
Loss	[220]	351	-360
Loss	250.0	357	-360
Dogfall	250.0	357	-357
Loss	[170]	360	-360
Loss	[240]	345	-360
Loss	[210]	345	-360
Win	[160]	360	-345
Win	[220]	360	-339
Loss	250.0	351	-360
Loss	[190]	360	-360
Loss	[180]	360	-360
Loss	[190]	360	-360
Win	[200]	360	-351
Loss	[180]	360	-360
Loss	[200]	360	-360
Win	[200]	360	-348
Dogfall	250.0	330	-354
Win	[220]	360	-333
Loss	[160]	360	-360
Loss	[190]	360	-360
Win	[190]	360	-339
Loss	[150]	360	-360
Loss	[150]	360	-360
Win	[220]	360	-351
Loss	[160]	360	-360
Loss	[180]	360	-360
Loss	[160]	360	-360
Loss	[180]	360	-360
Win	[200]	360	-309
Win	[160]	360	-345
Loss	[200]	360	-360
Dogfall	250.0	360	-357
Win	[220]	360	-357
Loss	[170]	360	-360
Loss	[150]	360	-360
Loss	[170]	360	-360
Loss	[160]	360	-360
Win	[170]	360	-339
Loss	[170]	360	-360
Loss	[170]	360	-360
Loss	[230]	252	-360
Win	[190]	360	-348
Loss	[140]	360	-360
Loss	[180]	360	-360
Loss	[200]	360	-360
Win	250.0	360	-357
Loss	[150]	360	-360
Loss	[170]	360	-360
Win	[190]	360	-348
Win	[170]	360	-330
Loss	[190]	360	-360
Win	[180]	360	-333
Loss	[230]	327	-360
Loss	[220]	339	-360
Loss	[210]	330	-360
Loss	[160]	360	-360
Loss	[200]	360	-360
Win	[190]	360	-339
Loss	[170]	360	-360
Loss	[190]	360	-360
Loss	[150]	360	-360
Loss	[180]	360	-360
Loss	[170]	360	-360
Loss	[170]	360	-360
Loss	[190]	360	-360
Loss	[230]	324	-360
Loss	[230]	333	-360
Win	250.0	360	-357
Loss	[240]	357	-360
Win	[200]	360	-354
Loss	[190]	360	-360
Loss	[180]	360	-360
Win	[190]	360	-348
Win	[190]	360	-348
Win	[180]	360	-345
Loss	[210]	351	-360
Loss	[160]	360	-360
Loss	[210]	357	-360
Win	[230]	360	-351
Loss	[190]	360	-360
Loss	[190]	360	-360
Loss	[200]	360	-360
Loss	[190]	360	-360
Loss	[170]	360	-360
Loss	[180]	360	-360
Win	[210]	360	-354
Loss	[210]	345	-360
Loss	[200]	360	-360
Loss	[190]	360	-360
Loss	[120]	360	-360
Loss	[170]	360	-360
Loss	[200]	360	-360
Loss	[180]	360	-360
Dogfall	250.0	351	-357
Loss	[160]	360	-360
Loss	[190]	360	-360
Loss	[160]	360	-360
Loss	[150]	360	-360
Loss	[230]	306	-360
Loss	[240]	324	-360
Loss	[160]	360	-360
Win	[210]	360	-354
Loss	[200]	360	-360
Loss	[180]	360	-360
Loss	[170]	360	-360
Loss	250.0	324	-360
Loss	[190]	360	-360
Loss	[170]	360	-360
Loss	[160]	360	-360
Dogfall	250.0	303	-333
Loss	[200]	360	-360
Dogfall	250.0	357	-336
Loss	[210]	360	-360
Loss	[240]	303	-360
Loss	[170]	360	-360
Loss	[220]	291	-360
Loss	[200]	339	-360
Win	[190]	360	-348
Loss	[200]	360	-360
Win	[180]	360	-354
Win	[200]	360	-342
Loss	[190]	360	-360
Loss	[180]	360	-360
Loss	[160]	360	-360
Loss	[180]	360	-360
Loss	[180]	360	-360
Loss	[220]	357	-360
Win	[170]	360	-336
Loss	[140]	360	-360
Loss	[150]	360	-360
Win	[160]	360	-330
Loss	[210]	360	-360
Loss	[190]	360	-360
Win	[180]	360	-348
Win	[150]	360	-339
Loss	[170]	360	-360
Loss	[120]	360	-360
Loss	[230]	333	-360
Win	[220]	360	-339
Loss	[240]	342	-360
Win	[220]	360	-357
Loss	[170]	360	-360
Win	[170]	360	-321
Loss	[190]	360	-360
Loss	[140]	360	-360
Loss	[140]	360	-360
Dogfall	250.0	357	-339
Win	250.0	360	-348
Dogfall	250.0	360	-339
Dogfall	250.0	330	-336
Loss	[190]	360	-360
Win	[190]	360	-315
Loss	[220]	312	-360
Win	250.0	360	-321
Loss	[170]	360	-360
Loss	[230]	303	-360
Win	[190]	360	-300
Win	[200]	360	-318
Loss	[230]	243	-360
Win	[200]	360	-312
Loss	[190]	360	-360
Win	[190]	360	-303
Loss	[170]	360	-360
Loss	[170]	360	-360
Loss	[200]	360	-360
Loss	[210]	312	-360
Loss	[180]	360	-360
Loss	[170]	360	-360
Win	[180]	360	-345
Dogfall	250.0	336	-351
Loss	[180]	360	-360
Loss	[220]	351	-360
Win	[180]	360	-348
Loss	[170]	360	-360
Loss	[190]	360	-360
Loss	[240]	342	-360
Loss	[240]	312	-360
Loss	[200]	360	-360
Loss	[210]	360	-360
Win	[180]	360	-348
Loss	[130]	360	-360
Win	[190]	360	-339
Loss	[240]	339	-360
Loss	[240]	306	-360
Loss	[170]	360	-360
Loss	[150]	360	-360
Loss	[180]	360	-360
Loss	[120]	360	-360
Loss	[190]	360	-360
Loss	[190]	360	-360
Loss	[170]	360	-360
Win	[200]	360	-354
Loss	[180]	360	-360
Loss	[170]	360	-360
Loss	[160]	360	-360
Loss	[180]	360	-360
Loss	[230]	276	-360
Win	[170]	360	-348
Loss	[150]	360	-360
Loss	[150]	360	-360
Win	[210]	360	-342
Loss	[180]	360	-360
Loss	[130]	360	-360
Win	[240]	360	-351
Loss	[220]	294	-360
Loss	[210]	351	-360
Loss	[180]	360	-360
Loss	[220]	324	-360
Dogfall	250.0	357	-339
Dogfall	250.0	291	-357
Win	250.0	360	-351
Loss	[240]	351	-360
Dogfall	250.0	339	-351
Loss	[190]	360	-360
Loss	[210]	345	-360
Loss	[170]	360	-360
Win	[240]	360	-351
Loss	[160]	360	-360
Loss	[130]	360	-360
Loss	[190]	360	-360
Dogfall	250.0	339	-357
Loss	[210]	339	-360
Win	[210]	360	-354
Loss	[150]	360	-360
Loss	[150]	360	-360
Loss	[190]	360	-360
Win	[200]	360	-357
Win	[230]	360	-345
Dogfall	250.0	345	-357
Win	[150]	360	-345
Dogfall	250.0	330	-351
Loss	[220]	345	-360
Win	[210]	360	-357
Win	[210]	360	-354
Win	[190]	360	-345
Loss	[230]	351	-360
Loss	[170]	360	-360
Loss	[160]	360	-360
Loss	[200]	360	-360
Loss	[190]	360	-360
Win	[190]	360	-348
Loss	[210]	351	-360
Loss	[200]	360	-360
Loss	[190]	360	-360
Loss	[170]	360	-360
Win	[230]	360	-312
Loss	[120]	360	-360
Loss	[160]	360	-360
Loss	[200]	360	-360
Dogfall	250.0	351	-357
Loss	[180]	360	-360
Loss	[190]	360	-360
Loss	[160]	360	-360
Win	[180]	360	-324
Loss	[200]	360	-360
Loss	[160]	360	-360
Loss	[160]	360	-360
Dogfall	250.0	309	-342
Loss	[170]	360	-360
Loss	[170]	360	-360
Loss	[220]	345	-360
Loss	[140]	360	-360
Loss	[150]	360	-360
Dogfall	250.0	348	-357
Loss	[180]	360	-360
Loss	[200]	360	-360
Win	[120]	360	-345
Loss	[190]	360	-360
Loss	[160]	360	-360
Loss	[190]	360	-360
Loss	[220]	357	-360
Loss	[200]	360	-360
Win	[180]	360	-354
Dogfall	250.0	312	-333
Win	[170]	360	-342
Loss	[190]	360	-360
Win	[220]	360	-354
Loss	[200]	360	-360
Loss	[180]	360	-360
Win	[220]	360	-357
Loss	[170]	360	-360
Loss	[150]	360	-360
Loss	[160]	360	-360
Loss	[160]	360	-360
Loss	[160]	360	-360
Loss	[140]	360	-360
Loss	[200]	360	-360
Win	[170]	360	-339
Loss	[180]	360	-360
Win	[150]	360	-336
Loss	[170]	360	-360
Loss	[210]	357	-360
Loss	[160]	360	-360
Loss	[170]	360	-360
Loss	[220]	312	-360
Loss	[190]	360	-360
Dogfall	250.0	360	-339
Loss	[190]	360	-360
Loss	250.0	357	-360
Win	[220]	360	-342
Win	[160]	360	-333
Loss	[170]	360	-360
Loss	[210]	360	-360
Loss	[200]	357	-360
Loss	[190]	360	-360
Win	[230]	360	-357
Win	[160]	360	-342
Win	[220]	360	-345
Win	[200]	360	-348
Loss	[220]	357	-360
Loss	[180]	360	-360
Loss	250.0	357	-360
Loss	[210]	315	-360
Win	[190]	360	-354
Loss	[200]	360	-360
Win	[230]	360	-357
Loss	[190]	360	-360
Loss	[130]	360	-360
Loss	[180]	360	-360
Loss	[210]	360	-360
Loss	[180]	360	-360
Loss	[180]	360	-360
Win	[180]	360	-351
Win	[170]	360	-327
Loss	[220]	291	-360
Win	[140]	360	-345
Loss	[170]	360	-360
Loss	[220]	357	-360
Win	[210]	360	-336
Win	[190]	360	-342
Loss	[200]	360	-360
Loss	[180]	360	-360
Loss	[170]	360	-360
Loss	[240]	345	-360
Loss	250.0	357	-360
Win	[210]	360	-351
Win	[230]	360	-324
Loss	[210]	360	-360
Loss	[190]	360	-360
Loss	[140]	360	-360
Win	[240]	360	-357
Loss	[190]	360	-360
Loss	[190]	360	-360
Loss	[190]	360	-360
Loss	250.0	339	-360
Loss	[220]	342	-360
Loss	[200]	360	-360
Win	[190]	360	-333
Loss	[240]	345	-360
Loss	[150]	360	-360
Loss	[160]	360	-360
Loss	[180]	360	-360
Win	[200]	360	-348
Dogfall	250.0	339	-357
Win	[200]	360	-342
Loss	[190]	360	-360
Loss	[160]	360	-360
Loss	[140]	360	-360
Loss	[140]	360	-360
Loss	[170]	360	-360
Loss	[140]	360	-360
Loss	[200]	360	-360
Loss	[140]	360	-360
Loss	[210]	360	-360
Win	[170]	360	-351
Win	[220]	360	-345
Loss	[210]	357	-360
Loss	[180]	360	-360
Loss	[220]	357	-360
Win	[160]	360	-351
Loss	[220]	357	-360
Loss	[160]	360	-360
Win	[160]	360	-330
Loss	[190]	360	-360
Loss	[200]	360	-360
Win	[170]	360	-348
Loss	[190]	360	-360
Dogfall	250.0	357	-357
Loss	[210]	327	-360
Loss	[200]	360	-360
Win	[170]	360	-348
Loss	[140]	360	-360
Loss	[180]	360	-360
Loss	[200]	360	-360
Win	[190]	360	-333
Win	[160]	360	-336
Loss	[190]	360	-360
Loss	[190]	360	-360
Win	[160]	360	-351
Loss	[150]	360	-360
Loss	[180]	360	-360
Loss	250.0	228	-360
Loss	[170]	360	-360
Loss	[170]	360	-360
Win	[180]	360	-348
Loss	[190]	360	-360
Win	[230]	360	-357
Loss	[120]	360	-360
Loss	[130]	360	-360
Loss	[130]	360	-360
Loss	[170]	360	-360
Win	[170]	360	-351
Win	[200]	360	-348
Loss	[150]	360	-360
Loss	[180]	360	-360
Loss	250.0	288	-360
Loss	[170]	360	-360
Loss	[160]	360	-360
Loss	[140]	360	-360
Loss	[130]	360	-360
Loss	[200]	360	-360
Win	[170]	360	-336
Loss	[150]	360	-360
Loss	[170]	360	-360
Loss	[170]	360	-360
Loss	[240]	354	-360
Loss	250.0	324	-360
Win	[170]	360	-336
Win	[180]	360	-342
Loss	[150]	360	-360
Loss	[170]	360	-360
Loss	[200]	360	-360
Win	[230]	360	-345
Loss	[160]	360	-360
Loss	[180]	360	-360
Loss	[190]	360	-360
Loss	[190]	360	-360
Loss	[190]	360	-360
Loss	[180]	360	-360
Win	[180]	360	-342
Loss	[210]	357	-360
Loss	[190]	360	-360
Loss	[210]	360	-360
Loss	[200]	360	-360
Loss	[190]	360	-360
Loss	[160]	360	-360
Loss	[200]	360	-360
Win	[230]	360	-342
Loss	[190]	360	-360
Win	[210]	360	-348
Loss	[190]	360	-360
Win	[190]	360	-354
Loss	[190]	360	-360
Loss	[140]	360	-360
Loss	[170]	360	-360
Loss	[230]	345	-360
Loss	[170]	360	-360
Win	[170]	360	-324
Win	[190]	360	-351
Loss	[230]	351	-360
Loss	[210]	351	-360
Dogfall	250.0	336	-339
Win	[190]	360	-327
Loss	[230]	342	-360
Loss	[140]	360	-360
Loss	[190]	360	-360
Loss	[170]	360	-360
Loss	[150]	360	-360
Loss	[180]	360	-360
Loss	[230]	339	-360
Loss	[120]	360	-360
Loss	[160]	360	-360
Win	[190]	360	-348
Win	[200]	360	-336
