Win	[130]	180	-171
Win	[140]	180	-174
Win	[130]	180	-174
Win	[130]	180	-174
Win	[140]	180	-174
Win	[110]	180	-168
Win	[120]	180	-171
Win	[150]	180	-177
Win	[110]	180	-168
Win	[130]	180	-171
Loss	[120]	180	-180
Loss	[160]	180	-180
Win	[110]	180	-168
Win	[140]	180	-171
Loss	[160]	180	-180
Win	[150]	180	-177
Win	[130]	180	-174
Win	[110]	180	-168
Win	[130]	180	-171
Win	[160]	180	-177
Win	[150]	180	-177
Win	[130]	180	-174
Win	[130]	180	-171
Loss	[170]	180	-180
Loss	[150]	180	-180
Win	[120]	180	-171
Win	[130]	180	-174
Win	[130]	180	-171
Win	[130]	180	-171
Win	[140]	180	-165
Loss	[160]	180	-180
Win	[140]	180	-174
Win	[120]	180	-171
Win	[130]	180	-171
Win	[130]	180	-171
Win	[120]	180	-168
Win	[130]	180	-171
Win	[130]	180	-171
Win	[130]	180	-171
Win	[140]	180	-174
Win	[120]	180	-171
Win	[130]	180	-174
Loss	[110]	180	-180
Win	[140]	180	-174
Win	[110]	180	-168
Win	[120]	180	-171
Win	[170]	180	-162
Loss	[110]	180	-180
Win	[140]	180	-174
Win	[130]	180	-171
Loss	[150]	180	-180
Win	[130]	180	-174
Loss	[160]	180	-180
Win	[160]	180	-177
Win	[130]	180	-171
Win	[140]	180	-174
Win	[120]	180	-171
Win	[140]	180	-177
Win	[110]	180	-168
Win	[120]	180	-168
Win	[160]	180	-177
Loss	[150]	180	-180
Win	[130]	180	-171
Win	[130]	180	-171
Win	[120]	180	-171
Win	[110]	180	-168
Win	[120]	180	-171
Win	[110]	180	-168
Win	[130]	180	-171
Win	[120]	180	-171
Win	[150]	180	-177
Loss	[160]	180	-180
Win	[130]	180	-174
Win	[130]	180	-171
Win	[140]	180	-174
Loss	[120]	180	-180
Loss	[160]	180	-180
Win	[160]	180	-168
Win	[160]	180	-162
Loss	[140]	180	-180
Loss	[130]	180	-180
Win	[130]	180	-171
Win	[130]	180	-171
Loss	[120]	180	-180
Loss	[120]	180	-180
Win	[130]	180	-171
Win	[130]	180	-174
Win	[130]	180	-171
Win	[120]	180	-171
Win	[130]	180	-174
Win	[120]	180	-168
Win	[130]	180	-171
Win	[140]	180	-174
Win	[120]	180	-171
Win	[130]	180	-174
Win	[140]	180	-177
Win	[130]	180	-174
Win	[110]	180	-168
Win	[130]	180	-171
Loss	[140]	180	-180
Win	[130]	180	-171
Win	[110]	180	-168
Win	[130]	180	-171
Win	[160]	180	-171
Win	[130]	180	-174
Loss	[150]	180	-180
Win	[130]	180	-171
Win	[160]	180	-177
Win	[130]	180	-174
Loss	[150]	180	-180
Win	[210]	180	-177
Win	[130]	180	-174
Loss	[120]	180	-180
Win	[130]	180	-174
Win	[130]	180	-171
Win	[120]	180	-171
Loss	[140]	180	-180
Loss	[130]	180	-180
Win	[110]	180	-168
Win	[130]	180	-171
Win	[130]	180	-174
Win	[110]	180	-168
Win	[130]	180	-171
Win	[130]	180	-174
Win	[120]	180	-171
Win	[140]	180	-174
Win	[110]	180	-168
Win	[110]	180	-168
Loss	[110]	180	-180
Win	[140]	180	-174
Loss	[130]	180	-180
Win	[130]	180	-171
Win	[110]	180	-168
Win	[110]	180	-168
Win	[120]	180	-171
Win	[120]	180	-171
Win	[120]	180	-171
Loss	[120]	180	-180
Win	[110]	180	-168
Win	[110]	180	-168
Loss	[150]	180	-180
Loss	[110]	180	-180
Win	[130]	180	-171
Win	[130]	180	-171
Win	[130]	180	-174
Win	[130]	180	-171
Win	[160]	180	-177
Win	[130]	180	-171
Win	[130]	180	-171
Win	[150]	180	-177
Loss	[160]	180	-180
Win	[140]	180	-177
Win	[140]	180	-174
Win	[160]	180	-177
Win	[110]	180	-168
Win	[110]	180	-168
Win	[110]	180	-168
Win	[110]	180	-168
Win	[110]	180	-168
Win	[140]	180	-174
Win	[130]	180	-174
Win	[130]	180	-171
Win	[110]	180	-168
Win	[130]	180	-174
Win	[110]	180	-168
Win	[110]	180	-168
Loss	[160]	180	-180
Win	[150]	180	-177
Win	[150]	180	-177
Loss	[130]	180	-180
Loss	[130]	180	-180
Loss	[140]	180	-180
Win	[120]	180	-171
Loss	[120]	180	-180
Loss	[150]	180	-180
Win	[120]	180	-171
Win	[130]	180	-174
Loss	[150]	180	-180
Win	[130]	180	-171
Loss	[160]	180	-180
Win	[110]	180	-168
Win	[120]	180	-171
Loss	[120]	180	-180
Win	[130]	180	-171
Loss	[150]	180	-180
Win	[140]	180	-174
Win	[130]	180	-171
Loss	[120]	180	-180
Win	[150]	180	-171
Loss	[140]	180	-180
Win	[130]	180	-171
Win	[160]	180	-177
Win	[160]	180	-177
Win	[120]	180	-171
Win	[140]	180	-174
Win	[120]	180	-171
Loss	[170]	180	-180
Win	[110]	180	-168
Win	[110]	180	-168
Win	[130]	180	-171
Win	[120]	180	-171
Win	[140]	180	-174
Win	[130]	180	-171
Win	[140]	180	-171
Win	[160]	180	-177
Win	[130]	180	-171
Loss	[130]	180	-180
Loss	[150]	180	-180
Loss	[190]	180	-180
Loss	[110]	180	-180
Win	[120]	180	-171
Loss	[160]	180	-180
Win	[110]	180	-168
Loss	[150]	180	-180
Loss	[180]	180	-180
Win	[130]	180	-174
Loss	[140]	180	-180
Win	[120]	180	-168
Loss	[180]	180	-180
Loss	[160]	180	-180
Win	[130]	180	-174
Win	[130]	180	-171
Loss	[150]	180	-180
Win	[110]	180	-168
Loss	[150]	180	-180
Win	[110]	180	-168
Win	[120]	180	-171
Win	[150]	180	-177
Loss	[110]	180	-180
Win	[110]	180	-168
Win	[110]	180	-168
Win	[110]	180	-168
Win	[110]	180	-168
Win	[130]	180	-171
Loss	[140]	180	-180
Win	[130]	180	-174
Win	[130]	180	-174
Win	[130]	180	-171
Win	[130]	180	-171
Win	[140]	180	-174
Loss	[160]	180	-180
Win	[140]	180	-174
Win	[160]	180	-177
Win	[110]	180	-168
Win	[160]	180	-171
Win	[140]	180	-174
Win	[110]	180	-168
Loss	[110]	180	-180
Win	[110]	180	-168
Win	[130]	180	-174
Win	[120]	180	-168
Win	[130]	180	-171
Win	[140]	180	-174
Loss	[120]	180	-180
Loss	[160]	180	-180
Loss	[120]	180	-180
Win	[110]	180	-168
Win	[130]	180	-174
Win	[130]	180	-171
Win	[130]	180	-174
Loss	[150]	180	-180
Win	[120]	180	-171
Win	[120]	180	-171
Win	[150]	180	-177
Win	[140]	180	-171
Win	[150]	180	-177
Win	[130]	180	-174
Win	[110]	180	-168
Loss	[120]	180	-180
Loss	[140]	180	-180
Win	[140]	180	-174
Loss	[130]	180	-180
Win	[130]	180	-171
Win	[140]	180	-177
Win	[130]	180	-174
Win	[120]	180	-171
Win	[110]	180	-168
Win	[130]	180	-171
Win	[110]	180	-168
Win	[150]	180	-177
Win	[130]	180	-171
Win	[130]	180	-171
Win	[110]	180	-168
Win	[110]	180	-168
Win	[130]	180	-171
Loss	[150]	180	-180
Loss	[150]	180	-180
Win	[140]	180	-174
Win	[130]	180	-174
Win	[130]	180	-171
Win	[140]	180	-174
Loss	[120]	180	-180
Win	[120]	180	-171
Win	[130]	180	-171
Loss	[120]	180	-180
Win	[130]	180	-174
Loss	[150]	180	-180
Loss	[160]	180	-180
Win	[130]	180	-174
Win	[110]	180	-168
Win	[110]	180	-168
Win	[110]	180	-168
Win	[150]	180	-177
Loss	[120]	180	-180
Win	[140]	180	-174
Win	[130]	180	-171
Win	[130]	180	-174
Win	[140]	180	-174
Win	[120]	180	-171
Win	[140]	180	-171
Win	[110]	180	-168
Win	[130]	180	-171
Win	[120]	180	-171
Win	[120]	180	-168
Win	[110]	180	-168
Win	[130]	180	-171
Win	[120]	180	-171
Win	[110]	180	-168
Win	[110]	180	-168
Win	[140]	180	-174
Win	[120]	180	-171
Win	[110]	180	-168
Win	[130]	180	-174
Win	[130]	180	-171
Win	[150]	180	-174
Win	[130]	180	-171
Win	[130]	180	-171
Loss	[110]	180	-180
Win	[130]	180	-171
Win	[130]	180	-171
Win	[150]	180	-177
Win	[130]	180	-171
Win	[160]	180	-177
Win	[110]	180	-168
Loss	[150]	180	-180
Loss	[120]	180	-180
Win	[130]	180	-171
Loss	[130]	180	-180
Win	[120]	180	-171
Win	[150]	180	-177
Win	[110]	180	-168
Loss	[150]	180	-180
Win	[130]	180	-171
Loss	[140]	180	-180
Win	[120]	180	-168
Loss	[150]	180	-180
Loss	[140]	180	-180
Loss	[130]	180	-180
Win	[140]	180	-174
Win	[140]	180	-174
Win	[140]	180	-177
Win	[140]	180	-174
Win	[110]	180	-168
Win	[110]	180	-168
Win	[140]	180	-174
Loss	[140]	180	-180
Win	[160]	180	-177
Win	[130]	180	-171
Win	[150]	180	-177
Win	[110]	180	-168
Win	[130]	180	-171
Win	[110]	180	-168
Win	[120]	180	-171
Win	[130]	180	-171
Win	[130]	180	-171
Loss	[150]	180	-180
Loss	[150]	180	-180
Loss	[140]	180	-180
Win	[140]	180	-174
Win	[130]	180	-174
Loss	[130]	180	-180
Win	[120]	180	-168
Loss	[150]	180	-180
Win	[130]	180	-171
Win	[110]	180	-168
Loss	[150]	180	-180
Loss	[130]	180	-180
Win	[110]	180	-168
Win	[110]	180	-168
Win	[110]	180	-168
Win	[170]	180	-174
Win	[150]	180	-177
Win	[130]	180	-174
Win	[130]	180	-174
Win	[150]	180	-177
Win	[120]	180	-171
Win	[130]	180	-174
Win	[120]	180	-171
Win	[150]	180	-177
Win	[110]	180	-168
Loss	[150]	180	-180
Win	[140]	180	-177
Win	[130]	180	-171
Win	[110]	180	-168
Loss	[120]	180	-180
Loss	[130]	180	-180
Loss	[120]	180	-180
Loss	[110]	180	-180
Win	[160]	180	-177
Win	[120]	180	-171
Win	[120]	180	-171
Win	[130]	180	-174
Loss	[160]	180	-180
Win	[160]	180	-177
Win	[150]	180	-177
Win	[130]	180	-171
Win	[130]	180	-171
Win	[160]	180	-168
Loss	[130]	180	-180
Win	[130]	180	-174
Loss	[130]	180	-180
Loss	[120]	180	-180
Win	[130]	180	-174
Win	[140]	180	-171
Win	[130]	180	-171
Loss	[150]	180	-180
Win	[140]	180	-174
Loss	[130]	180	-180
Loss	[130]	180	-180
Win	[130]	180	-171
Win	[110]	180	-168
Win	[110]	180	-168
Win	[120]	180	-171
Win	[110]	180	-168
Loss	[120]	180	-180
Loss	[140]	180	-180
Win	[150]	180	-177
Win	[110]	180	-168
Win	[130]	180	-171
Win	[130]	180	-171
Win	[170]	180	-174
Win	[170]	180	-171
Win	[130]	180	-171
Win	[110]	180	-168
Loss	[120]	180	-180
Loss	[150]	180	-180
Loss	[120]	180	-180
Loss	[120]	180	-180
Win	[110]	180	-168
Win	[110]	180	-168
Win	[130]	180	-171
Win	[120]	180	-171
Win	[110]	180	-168
Win	[130]	180	-171
Win	[130]	180	-171
Win	[130]	180	-174
Win	[130]	180	-171
Win	[130]	180	-174
Loss	[140]	180	-180
Win	[110]	180	-168
Loss	[120]	180	-180
Win	[110]	180	-168
Win	[120]	180	-171
Win	[110]	180	-168
Win	[130]	180	-174
Loss	[110]	180	-180
Win	[150]	180	-174
Win	[110]	180	-168
Loss	[120]	180	-180
Win	[140]	180	-174
Loss	[110]	180	-180
Win	[130]	180	-171
Win	[130]	180	-171
Loss	[150]	180	-180
Loss	[130]	180	-180
Win	[150]	180	-177
Win	[140]	180	-174
Win	[160]	180	-168
Win	[130]	180	-174
Win	[120]	180	-168
Win	[170]	180	-174
Win	[170]	180	-174
Win	[130]	180	-171
Win	[130]	180	-174
Win	[160]	180	-174
Loss	[160]	180	-180
Win	[130]	180	-174
Loss	[150]	180	-180
Win	[170]	180	-174
Win	[160]	180	-174
Win	[130]	180	-171
Win	[120]	180	-171
Loss	[140]	180	-180
Loss	[140]	180	-180
Win	[130]	180	-171
Win	[130]	180	-171
Win	[130]	180	-171
Win	[120]	180	-171
Win	[130]	180	-174
Win	[130]	180	-174
Win	[130]	180	-174
Win	[180]	180	-177
Win	[120]	180	-174
Win	[130]	180	-171
Loss	[150]	180	-180
Win	[150]	180	-177
Win	[130]	180	-171
Win	[120]	180	-171
Loss	[120]	180	-180
